time,Bus1_A,Bus1_B,Bus1_C,Bus2_A,Bus2_B,Bus2_C,Bus3_A,Bus3_B,Bus3_C,Bus5_A,Bus5_B,Bus5_C,Bus6_A,Bus6_B,Bus6_C,Bus8_A,Bus8_B,Bus8_C,Bus9_A,Bus9_B,Bus9_C
0,-23.96033,-46.03088,69.99121,-23.71982,-45.21712,68.93694,-25.94525,-43.64657,69.59183,-28.58182,-35.10596,63.68778,-32.23064,-27.72269,59.95334,-42.053,-115.1139,157.1669,-40.23808,-13.32155,53.55962
0.0001001001,0.9731813,-91.74777,90.77459,-2.435544,-84.40902,86.84456,-13.8228,-65.29029,79.1131,-20.63191,-49.95835,70.59026,-18.72919,-52.09549,70.82468,-37.20166,-109.8005,147.0022,-37.58804,-39.37783,76.96588
0.0002002002,0.4231082,-86.84986,86.42676,-1.606731,-82.67355,84.28027,-7.468069,-74.95051,82.41858,-15.64473,-58.72148,74.36621,-18.39839,-50.48909,68.88748,-32.48148,-104.019,136.5005,-34.41792,-44.32446,78.74237
0.0003003003,0.771079,-83.7065,82.93542,-0.4636467,-81.32752,81.79117,-3.757732,-78.99,82.74773,-11.96412,-64.10558,76.0697,-17.48596,-50.13181,67.61777,-27.92227,-97.82151,125.7438,-31.59783,-33.16526,64.76309
0.0004004004,1.730689,-81.72525,79.99456,0.9436488,-80.36641,79.42276,-1.221202,-80.44638,81.66759,-9.031955,-67.34748,76.37944,-16.18077,-50.52953,66.7103,-23.56362,-92.26121,115.8248,-28.94369,-48.65167,77.59536
0.0005005005,3.107198,-80.55298,77.44578,2.565638,-79.77906,77.21342,0.8365204,-80.79001,79.95348,-6.537618,-69.31249,75.85011,-14.61227,-51.38987,66.00214,-19.42045,-87.98742,107.4079,-26.14971,-52.35629,78.506
0.0006006006,4.773265,-79.8567,75.08344,4.359807,-79.38172,75.02191,2.739774,-80.70414,77.96437,-4.283031,-70.51334,74.79637,-12.86433,-52.51527,65.3796,-15.4963,-84.68436,100.1807,-23.60318,-43.86216,67.46534
0.0007007007,6.643475,-79.48901,72.84553,6.289877,-79.16059,72.87071,4.633667,-80.49149,75.85783,-2.145221,-71.24632,73.39153,-10.9919,-53.77018,64.76208,-11.7881,-82.26194,94.05004,-21.17467,-53.68653,74.8612
0.0008008008,8.660241,-79.37994,70.7197,8.327503,-79.12457,70.79707,6.577291,-80.29642,73.71914,-0.05136177,-71.75375,71.80511,-9.031582,-55.0871,64.11868,-8.280931,-80.51927,88.80021,-18.62552,-57.21197,75.83749
0.0009009009,10.78293,-79.40469,68.62177,10.44905,-79.15915,68.7101,8.589236,-80.16772,71.57848,2.039257,-72.15028,70.11103,-7.008119,-56.41586,63.42397,-4.95842,-78.93106,83.88948,-16.21371,-51.2341,67.44781
0.001001001,12.98126,-79.519,66.53774,12.63393,-79.25581,66.62189,10.66933,-80.10733,69.438,4.146341,-72.47486,68.32852,-4.938979,-57.71597,62.65494,-1.806198,-77.42747,79.23367,-13.8814,-57.44477,71.32617
0.001101101,15.2331,-79.71526,64.48216,14.866,-79.43166,64.56567,12.80942,-80.11405,67.30463,6.277257,-72.78596,66.50871,-2.836835,-58.97411,61.81094,1.192944,-76.07735,74.8844,-11.45529,-60.51768,71.97297
0.001201201,17.52142,-79.93288,62.41146,17.13161,-79.61462,62.48302,14.99862,-80.17404,65.17542,8.432763,-73.09754,64.66478,-0.7110707,-60.17809,60.88916,4.053861,-74.73228,70.67842,-9.108046,-56.35635,65.4644
0.001301301,19.83227,-80.15289,60.32063,19.41853,-79.79736,60.37884,17.22549,-80.26566,63.04016,10.60946,-73.39329,62.78382,1.430926,-61.31369,59.88276,6.787547,-73.46919,66.68165,-6.822003,-60.25863,67.08063
0.001401401,22.15475,-80.38116,58.22641,21.71702,-79.99714,58.28012,19.4791,-80.37738,60.89828,12.80204,-73.68668,60.88463,3.583139,-62.38027,58.79713,9.405668,-72.39397,62.9883,-4.472747,-62.85523,67.32797
0.001501502,24.47991,-80.58378,56.10387,24.01873,-80.1684,56.14966,21.74954,-80.4959,58.74636,15.00478,-73.97405,58.96928,5.740612,-63.37588,57.63527,11.91814,-71.3927,59.47456,-2.173614,-60.0883,62.26191
0.001601602,26.79989,-80.74982,53.94993,26.31595,-80.30444,53.98849,24.02794,-80.60486,56.57692,17.21163,-74.235,57.02337,7.899,-64.29448,56.39548,14.33205,-70.46487,56.13283,0.07315468,-62.56871,62.49556
0.001701702,29.10823,-80.88721,51.77899,28.60237,-80.42037,51.818,26.30636,-80.69599,54.38964,19.41674,-74.47295,55.05621,10.05441,-65.1379,55.08348,16.6549,-69.65131,52.99642,2.35636,-64.7127,62.35634
0.001801802,31.39938,-80.97609,49.57671,30.87251,-80.48773,49.61522,28.57785,-80.76101,52.18316,21.61482,-74.68405,53.06923,12.20338,-65.90686,53.70348,18.89318,-68.85748,49.9643,4.603251,-62.91842,58.31517
0.001901902,33.66825,-81.00898,47.34073,33.12115,-80.50059,47.37943,30.83625,-80.78938,49.95314,23.80093,-74.85279,51.05186,14.34266,-66.59834,52.25568,21.05132,-68.07291,47.02158,6.802724,-64.44426,57.64154
0.002002002,35.91043,-80.993,45.08257,35.34391,-80.47115,45.12724,33.07604,-80.77599,47.69995,25.97047,-74.98017,49.0097,16.4692,-67.21413,50.74493,23.13395,-67.33681,44.20286,9.017241,-66.14401,57.12677
0.002102102,38.12207,-80.91645,42.79438,37.5369,-80.38199,42.84508,35.29235,-80.71616,45.42381,28.11939,-75.06438,46.94498,18.58018,-67.75555,49.17536,25.14505,-66.59785,41.4528,11.20156,-64.98689,53.78533
0.002202202,40.29949,-80.77381,40.47433,39.69635,-80.22781,40.53146,37.48079,-80.60336,43.12257,30.24396,-75.09483,44.85087,20.67289,-68.22094,47.54805,27.08716,-65.8498,38.76264,13.34087,-65.84054,52.49966
0.002302302,42.4394,-80.57078,38.13138,41.81896,-80.01806,38.1991,39.63738,-80.43456,40.79718,32.34067,-75.07174,42.73108,22.7447,-68.61161,45.86691,28.96287,-65.1244,36.16153,15.4784,-67.1397,51.6613
0.002402402,44.53886,-80.3008,35.76193,43.90177,-79.74256,35.84079,41.75854,-80.20732,38.44877,34.40642,-74.99489,40.58846,24.79316,-68.92892,44.13575,30.77448,-64.38919,33.61471,17.58747,-66.38982,48.80236
0.002502502,46.59503,-79.95967,33.36464,45.94189,-79.39668,33.45479,43.841,-79.9178,36.0768,36.43833,-74.85746,38.41913,26.81588,-69.17201,42.35613,32.52335,-63.63292,31.10957,19.65227,-66.74674,47.09447
0.002602603,48.60528,-79.55173,30.94645,47.9367,-78.98747,31.05077,45.88173,-79.56423,33.68251,38.43365,-74.65926,36.22561,28.81054,-69.34177,40.53123,34.21081,-62.87616,28.66535,21.70162,-67.67625,45.97462
0.002702703,50.56722,-79.07389,28.50667,49.8838,-78.50979,28.62599,47.87793,-79.14558,31.26766,40.38987,-74.40103,34.01115,30.77493,-69.43945,38.66452,35.8381,-62.09964,26.26154,23.72203,-67.16305,43.44102
0.002802803,52.47851,-78.52287,26.04437,51.78084,-77.95951,26.17866,49.82702,-78.65974,28.83272,42.30467,-74.07861,31.77394,32.7069,-69.46471,36.75782,37.40584,-61.29096,23.88512,25.69762,-67.14282,41.44521
0.002902903,54.33699,-77.90194,23.56495,53.62567,-77.34183,23.71616,51.7266,-78.10581,26.37921,44.17581,-73.6916,29.51579,34.60438,-69.4182,34.81382,38.91461,-60.46486,21.55025,27.6467,-67.71547,40.06877
0.003003003,56.14064,-77.2103,21.06966,55.41628,-76.65498,21.2387,53.5744,-77.4836,23.90921,46.0012,-73.24123,27.24002,36.46536,-69.30104,32.83568,40.36497,-59.61275,19.24779,29.56446,-67.34148,37.77702
0.003103103,57.88746,-76.44556,18.5581,57.15068,-75.89558,18.74491,55.36827,-76.79221,21.42394,47.77884,-72.72527,24.94643,38.28789,-69.11332,30.82543,41.75707,-58.72344,16.96637,31.43661,-67.02053,35.58393
0.003203203,59.57566,-75.61002,16.03436,58.82708,-75.06717,16.2401,57.10627,-76.03133,18.92507,49.5069,-72.14326,22.63636,40.07011,-68.85555,28.78543,43.09108,-57.80613,14.71505,33.27286,-67.24493,33.97207
0.003303303,61.20345,-74.70437,13.50092,60.4437,-74.1702,13.7265,58.78644,-75.20129,16.41485,51.18354,-71.49652,20.31298,41.81019,-68.52874,26.71855,44.36708,-56.85909,12.49201,35.07405,-66.92369,31.84964
0.003403403,62.76921,-73.72729,10.95807,61.99896,-73.20242,11.20345,60.40707,-74.30212,13.89506,52.80711,-70.78443,17.97732,43.50639,-68.13342,24.62702,45.58508,-55.87291,10.28783,36.82873,-66.3811,29.55236
0.003503504,64.27127,-72.68012,8.408851,63.49118,-72.16581,8.674631,61.96638,-73.33385,11.36746,54.37592,-70.00642,15.6305,45.15697,-67.66993,22.51296,46.74484,-54.85194,8.107108,38.54005,-66.26054,27.7205
0.003603604,65.7082,-71.56454,5.856342,64.91896,-71.06226,6.143294,63.46284,-72.29725,8.834402,55.88848,-69.1639,13.27542,46.76034,-67.13936,20.37902,47.84633,-53.79829,5.951962,40.21143,-65.90395,25.69251
0.003703704,67.07856,-70.38017,3.301607,66.28088,-69.89063,3.609757,64.89492,-71.19289,6.297972,57.34329,-68.2572,10.91391,48.3149,-66.54241,18.22752,48.88936,-52.70547,3.81611,41.83504,-65.22262,23.38758
0.003803804,68.38098,-69.12794,0.7469519,67.57557,-68.65206,1.076494,66.26117,-70.02129,3.760121,58.73895,-67.28618,8.547224,49.81913,-65.87966,16.06053,49.87366,-51.5744,1.700742,43.40966,-64.76659,21.35693
0.003903904,69.61422,-67.80978,-1.804437,68.8018,-67.34884,-1.452965,67.56026,-68.78342,1.223146,60.07413,-66.25196,6.177824,51.27156,-65.15205,13.88048,50.79902,-50.40873,-0.3902965,44.93887,-64.29697,19.35811
0.004004004,70.77706,-66.42629,-4.350768,69.9584,-65.98112,-3.977273,68.79092,-67.48027,-1.31065,61.34757,-65.1556,3.808029,52.67081,-64.36053,11.68973,51.66523,-49.20532,-2.459909,46.41855,-63.52243,17.10387
0.004104104,71.8684,-64.97828,-6.890122,71.04426,-64.5496,-6.494658,69.95195,-66.11278,-3.839172,62.55807,-63.99746,1.43938,54.01553,-63.5059,9.49037,52.47203,-47.96309,-4.508945,47.84526,-62.78318,14.93791
0.004204204,72.88715,-63.46761,-9.419543,72.05829,-63.05643,-9.001854,71.0422,-64.68204,-6.36016,63.70446,-62.77846,-0.9260045,55.30439,-62.58904,7.284644,53.21913,-46.68534,-6.533787,49.22112,-62.12987,12.90874
0.004304304,73.83237,-61.89568,-11.9367,72.9996,-61.50291,-11.49669,72.06066,-63.18941,-8.871245,64.78572,-61.50007,-3.285651,56.53622,-61.61111,5.074894,53.90637,-45.3719,-8.534471,50.54502,-61.26789,10.72287
0.004404404,74.70318,-60.26344,-14.43974,73.86728,-59.8897,-13.97758,73.00636,-61.63615,-11.37021,65.80083,-60.16314,-5.637698,57.70983,-60.57309,2.863264,54.53352,-44.02116,-10.51236,51.81316,-60.31627,8.503113
0.004504505,75.4987,-58.57263,-16.92607,74.66049,-58.21873,-16.44176,73.87839,-60.02356,-13.85482,66.74884,-58.76864,-7.980206,58.8241,-59.47599,0.6518886,55.10036,-42.63535,-12.46501,53.02586,-59.44424,6.418385
0.004604605,76.21825,-56.82513,-19.39311,75.37855,-56.49191,-18.88663,74.67596,-58.35321,-16.32274,67.62892,-57.31814,-10.31078,59.87802,-58.32105,-1.556971,55.60677,-41.21603,-14.39074,54.1835,-58.46861,4.285112
0.004704705,76.86109,-55.0222,-21.83889,76.02074,-54.71026,-21.31048,75.39828,-56.62661,-18.77167,68.44023,-55.81291,-12.62732,60.87057,-57.10943,-3.761142,56.05259,-39.76223,-16.29036,55.28315,-57.3558,2.072657
0.004804805,77.42667,-53.16557,-24.2611,76.58649,-52.87555,-23.71095,76.04471,-54.84529,-21.19941,69.18205,-54.25412,-14.92793,61.80085,-55.8423,-5.958545,56.4377,-38.2753,-18.16241,56.32393,-56.2832,-0.04073564
0.004904905,77.91441,-51.25727,-26.65714,77.07526,-50.9899,-26.08537,76.61461,-53.01096,-23.60365,69.85368,-52.64334,-17.21033,62.66795,-54.52097,-8.14699,56.76202,-36.7574,-20.00462,57.30654,-55.15658,-2.149955
0.005005005,78.32391,-49.29894,-29.02497,77.48665,-49.05478,-28.43187,77.10751,-51.12538,-25.98212,70.45455,-50.98218,-19.47237,63.47113,-53.14679,-10.32434,57.02555,-35.20842,-21.81714,58.22896,-53.90694,-4.322025
0.005105105,78.65482,-47.2924,-31.36242,77.8203,-47.07199,-30.74831,77.52296,-49.1903,-28.33266,70.98416,-49.27203,-21.71213,64.20966,-51.72111,-12.48854,57.2283,-33.62943,-23.59887,59.0901,-52.65444,-6.43566
0.005205205,78.9068,-45.23977,-33.66703,78.07587,-45.0437,-33.03218,77.86057,-47.20756,-30.65302,71.44199,-47.51454,-23.92745,64.88281,-50.24533,-14.63748,57.37028,-32.02252,-25.34776,59.89027,-51.37709,-8.513173
0.005305305,79.07956,-43.14291,-35.93665,78.25311,-42.9717,-35.2814,78.11997,-45.17902,-32.94095,71.82758,-45.71142,-26.11617,65.48994,-48.72088,-16.76906,57.45153,-30.38849,-27.06303,60.62841,-50.00462,-10.62379
0.005405406,79.17325,-41.00392,-38.16933,78.35211,-40.85801,-37.49411,78.30122,-43.10679,-35.19443,72.14088,-43.86447,-28.27641,66.03073,-47.14943,-18.8813,57.47238,-28.72835,-28.74403,61.30359,-48.58437,-12.71922
0.005505505,79.18746,-38.82476,-40.3627,78.37251,-38.7046,-39.66792,78.40382,-40.99265,-37.41117,72.38129,-41.97523,-30.40607,66.50442,-45.5323,-20.97212,57.43277,-27.04373,-30.38903,61.91532,-47.15084,-14.76448
0.005605605,79.12239,-36.60769,-42.5147,78.3145,-36.51373,-41.80077,78.42791,-38.83876,-39.58916,72.54883,-40.04567,-32.50316,66.91074,-43.8712,-23.03954,57.33304,-25.33631,-31.99673,62.46357,-45.66968,-16.79389
0.005705706,78.97807,-34.3548,-44.62327,78.17811,-34.28742,-43.89069,78.37344,-36.64717,-41.72626,72.6433,-38.07763,-34.56567,67.24931,-42.16775,-25.08156,57.17344,-23.60728,-33.56616,62.94762,-44.12456,-18.82306
0.005805806,78.7548,-32.06831,-46.68648,77.96361,-32.02785,-45.93576,78.2406,-34.42007,-43.82053,72.66478,-36.07304,-36.59174,67.51993,-40.42366,-27.09627,56.95436,-21.85805,-35.09632,63.36699,-42.53708,-20.82991
0.005905906,78.45277,-29.75045,-48.70232,77.67121,-29.73721,-47.934,78.02953,-32.15958,-45.86994,72.61325,-34.03378,-38.57946,67.72236,-38.64061,-29.08175,56.67616,-20.09022,-36.58593,63.72141,-40.91756,-22.80385
0.006006006,78.07236,-27.4035,-50.66886,77.30129,-27.41779,-49.8835,77.7405,-29.86793,-47.87257,72.48885,-31.96187,-40.52698,67.8565,-36.82038,-31.03612,56.33927,-18.30547,-38.03379,64.01077,-39.26735,-24.74343
0.006106106,77.61375,-25.02969,-52.58405,76.85401,-25.07178,-51.78223,77.37361,-27.54726,-49.82635,72.29154,-29.85922,-42.43232,67.92205,-34.96464,-32.95742,55.94399,-16.50539,-39.43861,64.23475,-37.58088,-26.65388
0.006206206,77.07752,-22.6314,-54.44612,76.32996,-22.70151,-53.62845,76.92938,-25.19988,-51.7295,72.02167,-27.72794,-44.29374,67.91912,-33.07526,-34.84386,55.49095,-14.69159,-40.79936,64.39327,-35.85291,-28.54036
0.006306306,76.46421,-20.21095,-56.25326,75.72965,-20.30927,-55.42038,76.40823,-22.82809,-53.58014,71.6795,-25.57008,-46.10943,67.84772,-31.15409,-36.69363,54.98068,-12.86567,-42.11501,64.48615,-34.08456,-30.40159
0.006406406,75.77449,-17.77072,-58.00377,75.05376,-17.89741,-57.15635,75.81076,-20.43421,-55.37655,71.26549,-23.38775,-47.87773,67.70802,-29.20303,-38.50498,54.41383,-11.02926,-43.38457,64.51338,-32.28365,-32.22974
0.006506506,75.00916,-15.31313,-59.69602,74.30306,-15.46832,-58.83474,75.13768,-18.02061,-57.11707,70.78013,-21.18311,-49.59702,67.50026,-27.22401,-40.27625,53.79114,-9.18413,-44.60701,64.47512,-30.45708,-34.01804
0.006606607,74.16907,-12.84061,-61.32845,73.47841,-13.02439,-60.45402,74.38976,-15.58966,-58.8001,70.22404,-18.95832,-51.26572,67.22479,-25.219,-42.0058,53.11339,-7.332021,-45.78136,64.37159,-28.60488,-35.76672
0.006706707,73.25449,-10.3555,-62.89898,72.58006,-10.56794,-62.01212,73.56716,-13.14362,-60.42354,69.59724,-16.71541,-52.88182,66.88139,-23.18976,-43.69163,52.38091,-5.474643,-46.90626,64.20248,-26.72659,-37.47589
0.006806807,72.26706,-7.86035,-64.40671,71.60964,-8.101486,-63.50816,72.67147,-10.68505,-61.98642,68.90106,-14.45675,-54.44431,66.47109,-21.13851,-45.33258,51.59504,-3.613758,-47.98129,63.96864,-24.82229,-39.14635
0.006906907,71.20737,-5.35755,-65.84982,70.56773,-5.627382,-64.94034,71.70317,-8.216267,-63.48691,68.13586,-12.18445,-55.9514,65.99397,-19.06715,-46.92682,50.75636,-1.751091,-49.00527,63.66998,-22.89291,-40.77707
0.007007007,70.07648,-2.849572,-67.22691,69.45535,-3.148068,-66.30729,70.66324,-5.739716,-64.92352,67.30238,-9.900743,-57.40164,65.45051,-16.97769,-48.47282,49.86577,0.1115995,-49.97737,63.30685,-20.94163,-42.36522
0.007107107,68.87614,-0.3388998,-68.53724,68.27426,-0.6659957,-67.60827,69.55334,-3.25786,-66.29548,66.4021,-7.607935,-58.79416,64.84189,-14.87233,-49.96956,48.92467,1.972558,-50.89723,62.88024,-18.97164,-43.9086
0.007207207,67.60647,2.172015,-69.77848,67.02456,1.816415,-68.84097,68.37349,-0.773082,-67.60041,65.43487,-5.308152,-60.12671,64.16771,-12.75288,-51.41483,47.93328,3.829981,-51.76326,62.38961,-16.98286,-45.40675
0.007307307,66.2701,4.680731,-70.95083,65.70885,4.296752,-70.00561,67.12627,1.712159,-68.83842,64.403,-3.003747,-61.39925,63.42998,-10.62169,-52.80829,46.89364,5.682176,-52.57582,61.8368,-14.97953,-46.85726
0.007407407,64.86704,7.184725,-72.05177,64.32715,6.772526,-71.09967,65.81157,4.195417,-70.00699,63.30626,-0.6969009,-62.60936,62.62819,-8.480606,-54.14758,45.8059,7.527269,-53.33316,61.22116,-12.96052,-48.26064
0.007507508,63.3992,9.68154,-73.08074,62.88132,9.241311,-72.12263,64.43123,6.674237,-71.10547,62.14622,1.610083,-63.75631,61.76364,-6.331826,-55.43182,44.67154,9.363542,-54.03508,60.54379,-10.93035,-49.61345
0.007607608,61.86812,12.16873,-74.03685,61.37289,11.70069,-73.07358,62.98671,9.14619,-72.1329,60.92416,3.914945,-64.8391,60.8373,-4.177464,-56.65984,43.49181,11.18923,-54.68104,59.80551,-8.890366,-50.91514
0.007707708,60.27549,14.64388,-74.91937,59.80355,14.14828,-73.95182,61.47961,11.60888,-73.08849,59.64146,6.215442,-65.8569,59.85027,-2.019634,-57.83064,42.26805,13.00264,-55.27069,59.00725,-6.842917,-52.16433
0.007807808,58.62274,17.10453,-75.72727,58.17467,16.58165,-74.75632,59.91129,14.05986,-73.97115,58.29924,8.509315,-66.80856,58.80341,0.139565,-58.94298,41.00142,14.80197,-55.80339,58.14968,-4.790241,-53.35944
0.007907907,56.91142,19.54823,-76.45966,56.48781,18.99839,-75.4862,58.28319,16.49671,-74.77991,56.89877,10.7943,-67.69307,57.69769,2.298018,-59.9957,39.69315,16.58548,-56.27863,57.23362,-2.735553,-54.49806
0.008008008,55.14329,21.97259,-77.11588,54.7447,21.39611,-76.14081,56.59702,18.91704,-75.51406,55.4415,13.06816,-68.50967,56.53426,4.453603,-60.98787,38.34462,18.35143,-56.69605,56.26008,-0.6796598,-55.58042
0.008108108,53.32002,24.37517,-77.69519,52.94698,23.77242,-76.71941,54.85435,21.31842,-76.17278,53.92881,15.32863,-69.25744,55.31424,6.60419,-61.91843,36.95716,20.09811,-57.05526,55.22997,1.379947,-56.60992
0.008208208,51.44355,26.75365,-78.1972,51.09658,26.12505,-77.22163,53.05707,23.69853,-76.7556,52.36234,17.57351,-69.93584,54.03897,8.747677,-62.78665,35.53226,21.82389,-57.35616,54.14443,3.436941,-57.58137
0.008308308,49.51569,29.10567,-78.62136,49.19527,28.45162,-77.6469,51.20689,26.055,-77.26189,50.74359,19.80058,-70.54417,52.70968,10.88195,-63.59163,34.07136,23.52706,-57.59842,53.00454,5.487776,-58.49232
0.008408409,47.53827,31.42881,-78.96708,47.24487,30.74978,-77.99465,49.30556,28.38544,-77.691,49.0741,22.0076,-71.0817,51.32762,13.00488,-64.3325,32.57587,25.20589,-57.78176,51.81138,7.532408,-59.34379
0.008508508,45.51371,33.7211,-79.23481,45.24776,33.01757,-78.26533,47.35546,30.68783,-78.04329,47.356,24.19262,-71.54861,49.89465,15.11451,-65.00916,31.04761,26.85903,-57.90664,50.56664,9.569419,-60.13606
0.008608609,43.44322,35.97972,-79.42294,43.20514,35.2522,-78.45734,45.35769,32.9594,-78.31709,45.59018,26.35307,-71.94325,48.41137,17.20852,-65.61989,29.48761,28.48439,-57.972,49.27073,11.59608,-60.86681
0.008708709,41.32896,38.20238,-79.53135,41.11913,37.45141,-78.57054,43.31433,35.19784,-78.51217,43.77848,28.48679,-72.26527,46.87932,19.2848,-66.16412,27.89751,30.08037,-57.97788,47.92502,13.61021,-61.53522
0.008808808,39.17401,40.38778,-79.56179,38.99278,39.61391,-78.60669,41.22845,37.40177,-78.63022,41.92377,30.59233,-72.5161,45.30117,21.34175,-66.64291,26.27957,31.64614,-57.92571,46.53201,15.61006,-62.14206
0.008908909,36.97995,42.53331,-79.51326,36.82767,41.73712,-78.56478,39.10154,39.56861,-78.67014,40.0273,32.66729,-72.69459,43.67788,23.37712,-67.055,24.63506,33.17982,-57.81488,45.09247,17.59328,-62.68575
0.009009009,34.7483,44.63601,-79.38431,34.62526,43.81812,-78.44338,36.93499,41.69542,-78.63042,38.09023,34.70897,-72.79919,42.01025,25.38845,-67.3987,22.9652,34.67923,-57.64443,43.60703,19.5595,-63.16653
0.009109109,32.48388,46.69726,-79.18114,32.39034,45.85827,-78.24861,34.73375,43.78336,-78.51711,36.11736,36.71808,-72.83544,40.30315,27.37577,-67.67892,21.27339,36.14566,-57.41904,42.08051,21.50615,-63.58666
0.009209209,30.18435,48.7087,-78.89306,30.12059,47.84933,-77.96992,32.49512,45.82442,-78.31954,34.1056,38.68764,-72.79324,38.55265,29.33338,-67.88604,19.55832,37.57266,-57.13098,40.50853,23.42875,-63.93728
0.00930931,27.85542,50.67308,-78.5285,27.82164,49.79397,-77.61561,30.22496,47.82104,-78.046,32.06072,40.61946,-72.68018,36.7647,31.26216,-68.02686,17.82395,38.9626,-56.78655,38.89711,25.32911,-64.22621
0.009409409,25.50009,52.59018,-78.09028,25.49647,51.69202,-77.18849,27.92629,49.7729,-77.69919,29.98561,42.51306,-72.49866,34.9421,33.16136,-68.10346,16.07247,40.31548,-56.38795,37.24892,27.20338,-64.45229
0.009509509,23.11758,54.45227,-77.56985,23.14429,53.5358,-76.68009,25.59797,51.67253,-77.2705,27.87868,44.36184,-72.24052,33.0825,35.02542,-68.10792,14.30371,41.62531,-55.92902,35.56121,29.05058,-64.61179
0.00960961,20.71277,56.26289,-76.97567,20.76993,55.32884,-76.09877,23.24512,53.52318,-76.7683,25.74504,46.16838,-71.91342,31.19124,36.85598,-68.04722,12.521,42.89507,-55.41607,33.83942,30.86787,-64.70729
0.009709709,18.28636,58.01583,-76.30219,18.37407,57.06498,-75.43905,20.86818,55.31879,-76.18697,23.58474,47.92723,-71.51197,29.26772,38.64829,-67.91602,10.72506,44.12009,-54.84515,32.08255,32.65488,-64.73743
0.00980981,15.84198,59.71304,-75.55502,15.96031,58.74614,-74.70645,18.4709,57.06112,-75.53201,21.40147,49.63974,-71.04121,27.31577,40.40308,-67.71885,8.918431,45.30204,-54.22047,30.29445,34.40826,-64.70271
0.00990991,13.38137,61.35036,-74.73173,13.53036,60.36824,-73.89861,16.05486,58.74607,-74.80093,19.1965,51.30214,-70.49864,25.33616,42.11692,-67.45309,7.102541,46.43785,-53.54039,28.47564,36.1274,-64.60303
0.01001001,10.90683,62.92517,-73.83199,11.08649,61.92867,-73.01516,13.62228,60.371,-73.99329,16.97179,52.91193,-69.88371,23.33054,43.78742,-67.11797,5.279115,47.52565,-52.80476,26.62756,37.80875,-64.4363
0.01011011,8.421945,64.44205,-72.86399,8.632262,63.43194,-72.0642,11.17697,61.94022,-73.1172,14.73126,54.4727,-69.20396,21.30325,45.41722,-66.72047,3.450558,48.56908,-52.01964,24.75468,39.45428,-64.20897
0.01021021,5.928088,65.89375,-71.82184,6.169003,64.8709,-71.03991,8.719981,63.44666,-72.16663,12.47545,55.97808,-68.45354,19.25406,47.00071,-66.25477,1.618233,49.56266,-51.18089,22.85638,41.06041,-63.91679
0.01031031,3.428104,67.28242,-70.71053,3.699543,66.24767,-69.94721,6.254311,64.89227,-71.14658,10.20738,57.42964,-67.63702,17.18611,48.53889,-65.725,-0.2159977,50.50821,-50.29221,20.93582,42.62503,-63.56085
0.01041041,0.924124,68.59837,-69.5225,1.225967,67.55268,-68.77865,3.781716,66.26759,-70.0493,7.92812,58.81879,-66.74691,15.09943,50.02418,-65.1236,-2.050209,51.39848,-49.34827,18.99244,44.14525,-63.13769
0.01051051,-1.58093,69.85125,-68.27032,-1.248816,68.79544,-67.54662,1.305521,67.58184,-68.88737,5.641446,60.15357,-65.79501,12.99875,51.4631,-64.46185,-3.88267,52.24091,-48.35824,17.03143,45.62254,-62.65397
0.01061061,-4.084711,71.03426,-66.94955,-3.722492,69.96924,-66.24675,-1.172151,68.82836,-67.6562,3.348968,61.42788,-64.77685,10.88491,52.85015,-63.73506,-5.711497,53.0305,-47.31901,15.05319,47.05504,-62.10823
0.01071071,-6.584877,72.14872,-65.56384,-6.19275,71.07539,-64.88264,-3.648915,70.00833,-66.35942,1.05305,62.64264,-63.69569,8.760378,54.18586,-62.94624,-7.534998,53.76832,-46.23332,13.06022,48.43959,-61.49981
0.01081081,-9.078556,73.18844,-64.10989,-8.656772,72.10777,-63.451,-6.122164,71.11563,-64.99347,-1.244212,63.79219,-62.54798,6.626562,55.46507,-62.09163,-9.350753,54.44976,-45.09901,11.05348,49.77561,-60.82909
0.01091091,-11.56427,74.16129,-62.59702,-11.11307,73.07413,-61.96106,-8.590048,72.15784,-63.5678,-3.540552,64.88322,-61.34267,4.486492,56.69328,-61.17978,-11.15813,55.08089,-43.92277,9.036432,51.06422,-60.10065
0.01101101,-14.03781,75.05399,-61.01619,-13.5575,73.96138,-60.40388,-11.04883,73.12193,-62.0731,-5.833236,65.90381,-60.07058,2.341423,57.85983,-60.20126,-12.95358,55.65189,-42.69831,7.009444,52.29766,-59.3071
0.01111111,-16.4987,75.8781,-59.3794,-15.98959,74.78091,-58.79132,-13.4976,74.01907,-60.52147,-8.120662,66.86391,-58.74325,0.1941609,58.97317,-59.16733,-14.73723,56.17148,-41.43425,4.976006,53.48328,-58.45929
0.01121121,-18.9428,76.6235,-57.68071,-18.40524,75.52274,-57.1175,-15.93257,74.83929,-58.90672,-10.39984,67.75437,-57.35453,-1.953454,60.02498,-58.07153,-16.50572,56.63223,-40.12652,2.937236,54.61156,-57.5488
0.01131131,-21.36894,77.29555,-55.92661,-20.8033,76.19213,-55.38883,-18.35237,75.58775,-57.23539,-12.66913,68.5797,-55.91057,-4.099231,61.01899,-56.91976,-18.25841,57.03824,-38.77983,0.8956336,55.6886,-56.58424
0.01141141,-23.77416,77.89079,-54.11662,-23.18085,76.78569,-53.60484,-20.75412,76.26098,-55.50686,-14.926,69.33662,-54.41062,-6.241076,61.95203,-55.71095,-19.99305,57.38701,-37.39396,-1.146994,56.70861,-55.56161
0.01151151,-26.15578,78.40808,-52.2523,-25.53522,77.30228,-51.76706,-23.13518,76.85777,-53.72258,-17.16798,70.02386,-52.85588,-8.3767,62.82272,-54.44603,-21.70767,57.67782,-35.97015,-3.188495,57.67176,-54.48326
0.01161161,-28.51283,78.85086,-50.33803,-27.86548,77.7453,-49.87982,-25.49444,77.38139,-51.88696,-19.39382,70.64433,-51.25051,-10.50449,63.63342,-53.12893,-23.40172,57.9133,-34.51158,-5.22706,58.58021,-53.35315
0.01171171,-30.84032,79.21132,-48.371,-30.16668,78.10702,-47.94033,-27.82717,77.8241,-49.99694,-21.59946,71.19076,-49.59129,-12.62133,64.37731,-51.75599,-25.07131,58.08777,-33.01646,-7.260188,59.42564,-52.16545
0.01181181,-33.14009,79.49994,-46.35984,-32.44064,78.39779,-45.95715,-30.13482,78.19614,-48.06132,-23.78566,71.67239,-47.88673,-14.72682,65.06255,-50.33572,-26.71819,58.20908,-31.49089,-9.286794,60.21833,-50.93154
0.01191191,-35.40407,79.7021,-44.29804,-34.67939,78.60317,-43.92378,-32.40981,78.483,-46.07319,-25.94607,72.0758,-46.12973,-16.81634,65.67667,-48.86033,-28.33599,58.26653,-29.93054,-11.30331,60.94366,-49.64035
0.01201201,-37.63611,79.83208,-42.19597,-36.88673,78.73727,-41.85053,-34.65549,78.69868,-44.04319,-28.08299,72.41369,-44.3307,-18.8906,66.23101,-47.34041,-29.92804,58.27075,-28.34271,-13.30955,61.61382,-48.30428
0.01211211,-39.82902,79.87852,-40.0495,-39.05556,78.78883,-39.73328,-36.86503,78.83188,-41.96684,-30.19063,72.67554,-42.48491,-20.94515,66.71571,-45.77057,-31.48874,58.21346,-26.72471,-15.30185,62.2195,-46.91765
0.01221221,-41.98429,79.84924,-37.86495,-41.18734,78.76561,-37.57827,-39.03965,78.89024,-39.85059,-32.26965,72.86826,-40.59861,-22.97979,67.13686,-44.15708,-33.01949,58.10052,-25.08103,-17.27958,62.76463,-45.48505
0.01231231,-44.09771,79.73988,-35.64217,-43.2779,78.66327,-35.38537,-41.17524,78.86936,-37.69412,-34.31639,72.98763,-38.67124,-24.99143,67.49038,-42.49894,-34.51707,57.92881,-23.41174,-19.23998,63.24767,-44.00769
0.01241241,-46.16647,79.54966,-33.38319,-45.3245,78.48107,-33.15657,-43.26904,78.76841,-35.49938,-36.32827,73.03276,-36.70449,-26.97761,67.77512,-40.79752,-35.97948,57.69786,-21.71839,-21.1807,63.665,-42.4843
0.01251251,-48.19009,79.28154,-31.09145,-47.32663,78.2219,-30.89527,-45.32042,78.59023,-33.26981,-38.3045,73.00612,-34.70162,-28.93725,67.99317,-39.05592,-37.40653,57.40995,-20.00342,-23.10052,64.02042,-40.9199
0.01261261,-50.16709,78.9365,-28.76941,-49.28283,77.88673,-28.60391,-47.32784,78.33566,-31.00782,-40.24356,72.90841,-32.66485,-30.86875,68.14495,-37.2762,-38.79714,57.06587,-18.26874,-24.99781,64.31255,-39.31475
0.01271271,-52.09851,78.51929,-26.42078,-51.19412,77.48026,-26.28614,-49.29221,78.00938,-28.71717,-42.14599,72.74381,-30.59782,-32.77214,68.23418,-35.46204,-40.15221,56.66919,-16.51698,-26.87231,64.54597,-37.67367
0.01281281,-53.9747,78.01837,-24.04367,-53.05099,76.99107,-23.94008,-51.20421,77.59982,-26.39561,-44.00364,72.50141,-28.49777,-34.64069,68.25037,-33.60968,-41.4644,56.21158,-14.74718,-28.71816,64.70984,-35.99168
0.01291291,-55.79834,77.44128,-21.64295,-54.85606,76.42661,-21.57055,-53.06628,77.11439,-24.04811,-45.81835,72.188,-26.36965,-36.47537,68.19964,-31.72426,-42.73594,55.69865,-12.96271,-30.53589,64.80987,-34.27398
0.01301301,-57.56829,76.78943,-19.22113,-56.60822,75.78826,-19.18005,-54.87719,76.55442,-21.67724,-47.58886,71.80467,-24.21581,-38.27483,68.08279,-29.80795,-43.96613,55.13149,-11.16536,-32.32406,64.84792,-32.52386
0.01311311,-59.27723,76.05609,-16.77886,-58.30023,75.0694,-16.76918,-56.62982,75.91312,-19.28331,-49.3088,71.34492,-22.03611,-40.03354,67.89337,-27.85983,-45.14945,54.50535,-9.3559,-34.07772,64.81533,-30.73761
0.01321321,-60.93174,75.25282,-14.32108,-59.93857,74.28142,-14.34285,-58.33036,75.20193,-16.87156,-50.98335,70.81934,-19.83598,-41.75532,67.64124,-25.88593,-46.29106,53.82869,-7.537629,-35.79987,64.72353,-28.92366
0.01331331,-62.5252,74.37399,-11.84879,-61.51671,73.41875,-11.90204,-59.97235,74.41512,-14.44276,-52.60669,70.2224,-17.61572,-43.4351,67.32092,-23.88582,-47.38599,53.09751,-5.711523,-37.48591,64.56606,-27.08014
0.01341341,-64.05587,73.42033,-9.364458,-63.03294,72.48211,-9.449177,-61.55402,73.55332,-11.9993,-54.17707,69.5546,-15.37752,-45.07109,66.93256,-21.86146,-48.43304,52.31248,-3.879433,-39.13409,64.34316,-25.20907
0.01351351,-65.52309,72.39394,-6.870849,-64.48659,71.47359,-6.987006,-63.07462,72.61861,-9.543988,-55.69366,68.81768,-13.12402,-46.66224,66.4776,-19.81536,-49.43188,51.47517,-2.043288,-40.74322,64.05653,-23.31331
0.01361361,-66.93021,71.30101,-4.370805,-65.88096,70.39929,-4.518333,-64.53726,71.61701,-7.079755,-57.15905,68.01727,-10.85823,-48.21043,65.96129,-17.75085,-50.38505,50.59018,-0.2051277,-42.31477,63.70989,-21.39512
0.01371371,-68.26833,70.13428,-1.865944,-67.20727,69.25201,-2.04474,-65.93328,70.54119,-4.607909,-58.5654,67.14623,-8.580832,-49.70879,65.37643,-15.66764,-51.28594,49.65237,1.633577,-43.84247,63.29772,-19.45526
0.01381381,-69.53844,68.89764,0.6408022,-68.46649,68.03562,0.4308684,-67.26352,69.39497,-2.131458,-59.91328,66.20805,-6.294776,-51.15743,64.72613,-13.5687,-52.13544,48.66464,3.470805,-45.32622,62.82095,-17.49473
0.01391391,-70.74173,67.59466,3.147069,-69.65978,66.75363,2.906149,-68.52902,68.18185,0.3471704,-61.20346,65.20591,-4.002453,-52.55674,64.01324,-11.4565,-52.93455,47.62965,5.304899,-46.76617,62.28426,-15.51809
0.01401401,-71.87396,66.22373,5.650233,-70.78297,65.40446,5.378514,-69.7256,66.90013,2.825462,-62.43204,64.13805,-1.706005,-53.90307,63.23573,-9.332665,-53.68022,46.5463,7.133926,-48.15886,61.68378,-13.52492
0.01411411,-72.93668,64.78867,8.148005,-71.83758,63.99188,7.845701,-70.85464,65.55354,5.301098,-63.60011,63.00785,0.5922551,-55.19707,62.39673,-7.199657,-54.37366,45.41748,8.956188,-49.50471,61.02425,-11.51953
0.01421421,-73.92761,63.28971,10.6379,-72.82133,62.51608,10.30526,-71.91384,64.14218,7.771656,-64.70545,61.8153,2.890155,-56.43657,61.49593,-5.059351,-55.01326,44.24344,10.76982,-50.80157,60.3025,-9.500926
0.01431431,-74.84407,61.7269,13.11717,-73.73161,60.97713,12.75448,-72.90051,62.66603,10.23448,-65.74549,60.56016,5.185328,-57.61904,60.53282,-2.913779,-55.59709,43.02436,12.57273,-52.04697,59.52131,-7.474339
0.01441441,-75.68504,60.10179,15.58324,-74.56737,59.37654,15.19083,-73.81352,61.12647,12.68705,-66.71906,59.24363,7.475438,-58.74319,59.50832,-0.765127,-56.12446,41.76152,14.36295,-53.23957,58.67808,-5.438513
0.01451451,-76.45184,58.41789,18.03394,-75.32993,57.7178,17.61214,-74.65411,59.52705,15.12706,-67.62712,57.86893,9.758189,-59.80956,58.42531,1.384246,-56.59653,40.45743,16.13909,-54.37967,57.77797,-3.398304
0.01461461,-77.14841,56.68021,20.4682,-76.02319,56.00584,20.01734,-75.42606,57.87278,17.55329,-68.47295,56.44079,12.03216,-60.82082,57.28829,3.532529,-57.01631,39.11572,17.90059,-55.46956,56.82392,-1.354364
0.01471472,-77.76552,54.88401,22.88151,-76.63799,54.23597,22.40202,-76.1202,56.15863,19.96157,-69.24812,54.95414,14.29398,-61.76925,56.09186,5.677389,-57.37699,37.73322,19.64376,-56.50203,55.81044,0.6915902
0.01481481,-78.30573,53.0335,25.27223,-77.17688,52.41236,24.76452,-76.73898,54.38884,22.35014,-69.95468,53.41292,16.54176,-62.6564,54.83966,7.816738,-57.6806,36.31301,21.36759,-57.47832,54.74173,2.736585
0.01491491,-78.76897,51.13084,27.63812,-77.6398,50.53714,27.10266,-77.28225,52.56551,24.71674,-70.59236,51.81898,18.77337,-63.48178,53.53329,9.948483,-57.9272,34.8567,23.0705,-58.39781,53.61866,4.779151
0.01501502,-79.15453,49.17775,29.97679,-78.02602,48.61199,29.41403,-77.74921,50.69024,27.05897,-71.16029,50.17373,20.98656,-64.24434,52.17384,12.0705,-58.11634,33.3656,24.75074,-59.2594,52.44227,6.817132
0.01511511,-79.45947,47.17461,32.28485,-78.33263,46.63731,31.69532,-78.13687,48.76331,29.37356,-71.65559,48.47722,23.17838,-64.94124,50.76103,14.18021,-58.24595,31.84015,26.4058,-60.06029,51.21255,8.847734
0.01521522,-79.68917,45.12687,34.5623,-78.56496,44.61845,33.94651,-78.45047,46.79021,31.66026,-72.08293,46.73468,25.34826,-65.57645,49.29995,16.2765,-58.32009,30.28419,28.0359,-60.80398,49.93392,10.87006
0.01531532,-79.83763,43.03313,36.8045,-78.71708,42.55405,36.16303,-78.68399,44.76933,33.91466,-72.43665,44.94429,27.49235,-66.14458,47.78835,18.35624,-58.33442,28.69697,29.63745,-61.48536,48.60325,12.8821
0.01541542,-79.90682,40.89683,39.00999,-78.79092,40.44749,38.34343,-78.83929,42.70408,36.13521,-72.71828,43.10923,29.60906,-66.64681,46.22916,20.41765,-58.29049,27.08099,31.2095,-62.10531,47.22471,14.8806
0.01551552,-79.89823,38.72079,41.17743,-78.78793,38.30156,40.48637,-78.91776,40.59727,38.32049,-72.929,41.23208,31.69693,-67.08394,44.62479,22.45915,-58.18947,25.4383,32.75117,-62.66446,45.79943,16.86503
0.01561562,-79.81714,36.50955,43.30759,-78.71335,36.12073,42.59261,-78.92452,38.45345,40.47107,-73.07343,39.31725,33.75618,-67.46002,42.97963,24.48039,-58.03532,23.77216,34.26316,-63.16646,44.3323,18.83416
0.01571572,-79.64709,34.25761,45.38947,-78.5509,33.89958,44.65132,-78.84322,36.2667,42.57653,-73.13625,37.35838,35.77788,-67.76068,41.28629,26.47439,-57.81609,22.07912,35.73697,-63.59768,42.81543,20.78225
0.01581581,-79.40621,31.97532,47.43089,-78.31849,31.64832,46.67017,-78.69173,34.04773,44.644,-73.13393,35.36621,37.76772,-68.00089,39.55609,28.4448,-57.54512,20.36616,37.17897,-63.97202,41.25977,22.71225
0.01591592,-79.08408,29.66031,49.42378,-78.00583,29.36461,48.64122,-78.45964,31.79385,46.66578,-73.05664,33.33765,39.71899,-68.1713,37.78516,30.38614,-57.21491,18.63198,38.58293,-64.28055,39.66218,24.61837
0.01601602,-78.68425,27.31614,51.36811,-77.6164,27.05196,50.56444,-78.15034,29.50863,48.64172,-72.90742,31.27612,41.6313,-68.27451,35.97684,32.29767,-56.82812,16.87915,39.94897,-64.52557,38.02449,26.50109
0.01611612,-78.20635,24.94492,53.26143,-77.14986,24.71246,52.43739,-77.76342,27.19409,50.56933,-72.68574,29.1834,43.50233,-68.30978,34.13261,34.17717,-56.38459,15.10929,41.2753,-64.70623,36.34926,28.35697
0.01621622,-77.65341,22.54978,55.10363,-76.60917,22.3492,54.25997,-77.30181,24.85342,52.44839,-72.39419,27.06252,45.33167,-68.2793,32.25541,36.02389,-55.8866,13.32455,42.56206,-64.82446,34.63847,30.18599
0.01631632,-77.01867,20.13097,56.8877,-75.98766,19.96242,56.02524,-76.75868,22.48659,54.27209,-72.02624,24.91302,47.11322,-68.17665,30.34404,37.83261,-55.32936,11.52545,43.80391,-64.87402,32.89081,31.98322
0.01641642,-76.31413,17.69401,58.62012,-75.2972,17.55758,57.73961,-76.1459,20.09939,56.04652,-71.5929,22.74083,48.85206,-68.01202,28.40501,39.60701,-54.72164,9.715641,45.006,-64.86445,31.11346,33.75099
0.01651652,-75.5284,15.23827,60.29013,-74.5265,15.13405,59.39245,-75.45203,17.69078,57.76124,-71.08324,20.54431,50.53893,-67.7748,26.43555,41.33924,-54.05531,7.895148,46.16016,-64.78548,29.30195,35.48353
0.01661662,-74.67329,12.76865,61.90464,-73.68725,12.69667,60.99057,-74.68877,15.26599,59.42278,-70.50817,18.32884,52.17933,-67.47512,24.44168,43.03344,-53.339,6.067156,47.27184,-64.64666,27.46391,37.18276
0.01671672,-73.7392,10.28566,63.45354,-72.76994,10.24594,62.52401,-73.84644,12.82512,61.02132,-69.85839,16.09393,53.76446,-67.10382,22.42181,44.68202,-52.56585,4.232399,48.33345,-64.43906,25.59579,38.84327
0.01681682,-72.73378,7.792923,64.94086,-71.78213,7.785436,63.99669,-72.93256,10.37197,62.5606,-69.14088,13.84345,55.29744,-66.66737,20.38017,46.2872,-51.7415,2.393368,49.34813,-64.16872,23.70333,40.46539
0.01691692,-71.65796,5.292785,66.36517,-70.72474,5.317481,65.40726,-71.94802,7.908845,64.03918,-68.35633,11.57951,56.77682,-66.16617,18.31869,47.84748,-50.86671,0.5517889,50.31493,-63.8359,21.7872,42.0487
0.01701702,-70.51782,2.787783,67.73004,-69.60377,2.844586,66.75919,-70.8988,5.43843,65.46037,-67.51029,9.304893,58.20539,-65.60542,16.24046,49.36496,-49.94595,-1.290633,51.23658,-63.44548,19.85151,43.59397
0.01711712,-69.29904,0.2796546,69.01939,-68.40506,0.3684357,68.03662,-69.77042,2.961857,66.80857,-66.58882,7.019674,59.56915,-64.97127,14.14384,50.82743,-48.96907,-3.131997,52.10106,-62.98389,17.89279,45.09111
0.01721722,-68.01625,-2.228565,70.24482,-67.14307,-2.107939,69.25101,-68.57754,0.4826565,68.09488,-65.60573,4.727958,60.87777,-64.27689,12.03407,52.24283,-47.94662,-4.970676,52.91729,-62.46378,15.9174,46.54638
0.01731732,-66.66391,-4.734444,71.39835,-65.81232,-4.582152,70.39447,-67.31445,-1.997036,69.31148,-64.55541,2.431283,62.12413,-63.51656,9.911799,53.60476,-46.87474,-6.804592,53.67934,-61.87939,13.92567,47.95372
0.01741742,-65.2458,-7.23542,72.48122,-64.41654,-7.051662,71.46821,-65.9849,-4.474559,70.45946,-63.44131,0.1322761,63.30904,-62.69334,7.779723,54.91362,-45.75621,-8.632065,54.38828,-61.23357,11.91946,49.31411
0.01751752,-63.7654,-9.729332,73.49473,-62.95916,-9.514342,72.4735,-64.59223,-6.947749,71.53999,-62.26648,-2.166917,64.4334,-61.81003,5.640107,56.16992,-44.59367,-10.45145,55.04512,-60.52888,9.902247,50.62663
0.01761762,-62.21741,-12.21274,74.43016,-61.43496,-11.9668,73.40176,-63.13103,-9.413449,72.54449,-61.02552,-4.463827,65.48935,-60.86096,3.494421,57.36654,-43.38347,-12.25998,55.64346,-59.75962,7.873735,51.88588
0.01771772,-60.61655,-14.68573,75.30228,-59.85844,-14.4091,74.26754,-61.6161,-11.87117,73.48727,-59.73257,-6.757062,66.48964,-59.85998,1.3456,58.51438,-42.13608,-14.05835,56.19442,-58.93923,5.838695,53.10053
0.01781782,-58.94951,-17.1427,76.09221,-58.21647,-16.83574,75.05221,-60.0338,-14.31602,74.34982,-58.37427,-9.043133,67.4174,-58.79343,-0.804949,59.59838,-40.8423,-15.8417,56.684,-58.05409,3.79635,54.25774
0.01791792,-57.22641,-19.58318,76.80958,-56.51904,-19.24623,75.76527,-58.39434,-16.74712,75.14146,-56.96033,-11.3206,68.28093,-57.67074,-2.954805,60.62554,-39.50931,-17.61019,57.1195,-57.11336,1.750451,55.36291
0.01801802,-55.4471,-22.00439,77.45148,-54.76601,-21.63783,76.40384,-56.69745,-19.16181,75.85926,-55.49032,-13.58709,69.07742,-56.4912,-5.101955,61.59315,-38.13717,-19.36167,57.49883,-56.11615,-0.2974545,56.41361
0.01811812,-53.61243,-24.40353,78.01596,-52.9582,-24.00778,76.96598,-54.94387,-21.55733,76.5012,-53.96478,-15.8401,69.80489,-55.25504,-7.244163,62.4992,-36.72656,-21.09408,57.82065,-55.06252,-2.345501,57.40802
0.01821822,-51.7251,-26.77859,78.50369,-51.09828,-26.35408,77.45236,-53.13626,-23.93161,77.06787,-52.38612,-18.07761,70.46373,-53.96439,-9.379378,63.34377,-35.27951,-22.80604,58.08555,-53.95443,-4.391623,58.34605
0.01831832,-49.7855,-29.12637,78.91187,-49.18663,-28.67359,77.86022,-51.27487,-26.28155,77.55643,-50.75438,-20.29683,71.05122,-52.61895,-11.50518,64.12413,-33.79642,-24.49515,58.29156,-52.79138,-6.433573,59.22496
0.01841842,-47.79705,-31.44529,79.24234,-47.22663,-30.96473,78.19135,-49.36311,-28.60548,77.96859,-49.07272,-22.49605,71.56876,-51.22165,-13.61969,64.84133,-32.27977,-26.16036,58.44014,-51.57611,-8.469186,60.0453
0.01851852,-45.76325,-33.73421,79.49747,-45.22174,-33.22637,78.44811,-47.40446,-30.90215,78.30661,-47.3444,-24.67392,72.01832,-49.77554,-15.72134,65.49688,-30.73211,-27.80101,58.53312,-50.31152,-10.49689,60.80841
0.01861862,-43.68092,-35.98709,79.66801,-43.16879,-35.45255,78.62135,-45.39544,-33.16584,78.56129,-45.5657,-26.82556,72.39127,-48.27638,-17.80634,66.08273,-29.15147,-29.4123,58.56377,-48.99312,-12.51408,61.5072
0.01871872,-41.5596,-38.20756,79.76716,-41.07724,-37.64685,78.72409,-43.34584,-35.39971,78.74555,-43.74623,-28.95316,72.69939,-46.73391,-19.87543,66.60934,-27.54445,-30.99745,58.54191,-47.63058,-14.51977,62.15035
0.01881882,-39.39356,-40.3867,79.78026,-38.94139,-39.80047,78.74186,-41.24951,-37.59532,78.84483,-41.87953,-31.04958,72.92911,-45.14089,-21.92319,67.06408,-25.9074,-32.54943,58.45683,-46.21634,-16.51055,62.72688
0.01891892,-37.19237,-42.52957,79.72194,-36.7707,-41.9184,78.68909,-39.11628,-39.75723,78.87351,-39.97532,-33.11826,73.09357,-43.50737,-23.95141,67.45878,-24.24691,-34.07247,58.31938,-44.76045,-18.48649,63.24694
0.01901902,-34.95153,-44.62695,79.57848,-34.56073,-43.99152,78.55225,-36.9413,-41.87665,78.81796,-38.02838,-35.15165,73.18003,-41.82724,-25.9542,67.78144,-22.56017,-35.55943,58.11959,-43.25642,-20.443,63.69942
0.01911912,-32.67871,-46.68312,79.36182,-32.31905,-46.02407,78.34312,-34.73244,-43.95744,78.68988,-36.04651,-37.15271,73.19921,-40.10858,-27.93316,68.04174,-20.85241,-37.01389,57.8663,-41.71238,-22.38117,64.09355
0.01921922,-30.37031,-48.68805,79.05836,-30.0421,-48.00615,78.04826,-32.48568,-45.99003,78.47571,-34.02524,-39.11312,73.13836,-38.34598,-29.88161,68.22758,-19.12155,-38.4281,57.54966,-40.12241,-24.29473,64.41713
0.01931932,-28.03673,-50.65239,78.68912,-27.74017,-49.94823,77.68841,-30.21192,-47.9843,78.19623,-31.97564,-41.04104,73.01669,-36.55137,-31.80529,68.35666,-17.37453,-39.81055,57.18508,-38.4988,-26.18867,64.68748
0.01941942,-25.67196,-52.56038,78.23234,-25.40728,-51.8348,77.24209,-27.90447,-49.92526,77.82973,-29.89034,-42.92348,72.81382,-34.71589,-33.69382,68.40971,-15.60778,-41.14904,56.75682,-36.83195,-28.05349,64.88544
0.01951952,-23.28351,-54.41938,77.70289,-23.05088,-53.67311,76.72399,-25.57121,-51.81973,77.39093,-27.77732,-44.76604,72.54336,-32.84811,-35.55108,68.39919,-13.8263,-42.44951,56.27581,-35.13064,-29.89261,65.02325
0.01961962,-20.87159,-56.22338,77.09497,-20.67117,-55.45719,76.12836,-23.21209,-53.66186,76.87395,-25.63617,-46.5635,72.19967,-30.94699,-37.37261,68.3196,-12.03053,-43.70738,55.7379,-33.3935,-31.70196,65.09546
0.01971972,-18.43937,-57.97234,76.41172,-18.27127,-57.18703,75.45831,-20.83033,-55.45151,76.28184,-23.46996,-48.31552,71.78548,-29.01552,-39.15771,68.17324,-10.22268,-44.9228,55.14547,-31.62343,-33.48053,65.10397
0.01981982,-15.98892,-59.66361,75.65253,-15.85323,-58.86,74.71323,-18.42791,-57.18601,75.61391,-21.28041,-50.01958,71.29999,-27.05511,-40.90403,67.95914,-8.404346,-46.09385,54.49819,-29.82163,-35.22588,65.0475
0.01991992,-13.52249,-61.29461,74.81711,-13.41926,-60.47355,73.89281,-16.00698,-58.86279,74.86977,-19.06942,-51.67326,70.74268,-25.06733,-42.60918,67.67652,-6.577245,-47.21868,53.79592,-27.98948,-36.93621,64.92568
0.02002002,-11.04284,-62.8646,73.90744,-10.9721,-62.02695,72.99905,-13.57031,-60.48101,74.05132,-16.83958,-53.27563,70.11521,-23.05465,-44.27208,67.32673,-4.743364,-48.29685,53.04022,-26.12931,-38.61012,64.73944
0.02012012,-8.552529,-64.3726,72.92513,-8.514274,-63.51921,72.03348,-11.12044,-62.03962,73.16006,-14.59328,-54.82557,69.41885,-21.01928,-45.89145,66.91073,-2.904574,-49.32774,52.23231,-24.24323,-40.2461,64.48933
0.02022022,-6.054146,-65.81913,71.87328,-6.048341,-64.95086,70.99921,-8.660009,-63.53904,72.19905,-12.33305,-56.3233,68.65635,-18.96376,-47.46717,66.43093,-1.062665,-50.31187,51.37453,-22.33374,-41.8439,64.17764
0.02032032,-3.549684,-67.19778,70.74747,-3.576255,-66.31557,69.89182,-6.190748,-64.97297,71.16371,-10.06015,-57.76308,67.82323,-16.88866,-48.99409,65.88275,0.7806186,-51.24444,50.46383,-20.40099,-43.39912,63.80011
0.02042042,-1.041905,-68.51192,69.55383,-1.100754,-67.61664,68.71739,-3.715577,-66.34455,70.06013,-7.777583,-59.14753,66.92511,-14.79725,-50.47415,65.2714,2.623459,-52.12813,49.50467,-18.44836,-44.9127,63.36107
0.02052052,1.466728,-69.75587,68.28914,1.375737,-68.84847,67.47274,-1.236763,-67.6482,68.88497,-5.487159,-60.4715,65.95866,-12.69071,-51.90264,64.59335,4.463863,-52.95875,48.49488,-16.47666,-46.38086,62.85752
0.02062062,3.973696,-70.9305,66.9568,3.850724,-70.01193,66.16121,1.243109,-68.88467,67.64156,-3.191405,-61.73551,64.92692,-10.57158,-53.2797,63.85128,6.300119,-53.73709,47.43697,-14.4884,-47.80293,62.29134
0.02072072,6.476638,-72.03628,65.55964,6.321877,-71.10746,64.78558,3.721664,-70.05431,66.33264,-0.8926161,-62.93972,63.83233,-8.442182,-54.60519,63.04737,8.130505,-54.46358,46.33308,-12.48588,-49.1791,61.66499
0.02082082,8.973214,-73.07217,64.09895,8.786882,-72.13405,63.34716,6.196579,-71.15601,64.95943,1.407054,-64.08299,62.67594,-6.304501,-55.87787,62.18237,9.953309,-55.13754,45.18422,-10.47096,-50.50773,60.97868
0.02092092,11.46109,-74.03721,62.57612,11.24344,-73.09072,61.84728,8.66554,-72.18877,63.52323,3.705454,-65.16426,61.45881,-4.160537,-57.09654,61.25708,11.76683,-55.75832,43.99149,-8.445518,-51.78791,60.23343
0.02102102,13.93761,-74.92876,60.99115,13.68892,-73.97487,60.28595,11.12598,-73.14991,62.02393,6.000295,-66.18099,60.1807,-2.012245,-58.25873,60.27098,13.56907,-56.32407,42.755,-6.411294,-53.0167,59.42799
0.02112112,16.3995,-75.74193,59.34243,16.12011,-74.78168,58.66157,13.57478,-74.03458,60.45979,8.28891,-67.12863,58.83972,0.1382829,-59.36016,59.22188,15.35746,-56.83123,41.47377,-4.370026,-54.19079,58.56081
0.02122122,18.84591,-76.48384,57.63794,18.53615,-75.51817,56.98202,16.01083,-74.84962,58.83879,10.56979,-68.01324,57.44346,2.288809,-60.40592,58.11711,17.13166,-57.28519,40.15353,-2.324321,-55.31388,57.6382
0.02132132,21.27249,-77.14582,55.87333,20.93275,-76.17577,55.24302,18.43006,-75.58648,57.15642,12.83958,-68.8269,55.98732,4.437002,-61.38871,56.95171,18.88828,-57.67963,38.79135,-0.2759147,-56.37964,56.65556
0.02142142,23.67887,-77.735,54.05613,23.30953,-76.76151,53.45197,20.83181,-76.25204,55.42024,15.09722,-69.57574,54.47852,6.581048,-62.31371,55.73266,20.62737,-58.01994,37.39257,1.772984,-57.39254,55.61955
0.02152152,26.06161,-78.24664,52.18502,25.66312,-77.27071,51.6076,23.21281,-76.84159,53.62878,17.33987,-70.25531,52.91544,8.71869,-63.17673,54.45805,22.34626,-58.30269,35.95644,3.820485,-58.34831,54.52783
0.02162162,28.41764,-78.67847,50.26083,27.99046,-77.70115,49.71069,25.57004,-77.3528,51.78276,19.56479,-70.86335,51.29856,10.84748,-63.97548,53.128,24.04266,-58.52631,34.48365,5.864339,-59.24514,53.3808
0.02172172,30.74679,-79.03608,48.28929,30.29138,-78.0583,47.76693,27.90313,-77.79107,49.88794,21.77127,-71.40466,49.63338,12.96613,-64.71403,51.7479,25.71671,-58.69502,32.97831,7.90295,-60.08624,52.18329
0.02182182,33.04446,-79.31284,46.26838,32.56136,-78.33566,45.77431,30.20769,-78.14981,47.94212,23.95555,-71.87306,47.91752,15.07167,-65.38657,50.3149,27.36483,-58.80402,31.43918,9.933844,-60.86618,50.93234
0.02192192,35.30912,-79.51073,44.20161,34.79886,-78.53513,43.73627,32.48211,-78.43085,45.94875,26.11594,-72.27011,46.15417,17.16224,-65.99422,48.83197,28.98602,-58.85484,29.86882,11.95509,-61.58607,49.63099
0.02202202,37.54046,-79.63361,42.09315,37.00359,-78.66055,41.65696,34.72591,-78.63795,43.91204,28.25176,-72.5991,44.34734,19.23676,-66.53977,47.30301,30.58023,-58.85044,28.27021,13.9654,-62.24796,48.28256
0.02212212,39.73125,-79.67072,39.93946,39.16841,-78.70128,39.53287,36.93224,-78.76038,41.82814,30.35713,-72.85003,42.4929,21.29064,-67.01383,45.72319,32.14186,-58.783,26.64114,15.96097,-62.8433,46.88233
0.02222222,41.88672,-79.63716,37.75044,41.29846,-78.67223,37.37377,39.10576,-78.813,39.70723,32.43557,-73.03646,40.6009,23.32569,-67.42859,44.1029,33.67529,-58.6637,24.98841,17.94263,-63.38318,45.44054
0.02232232,43.99666,-79.51717,35.52051,43.38369,-78.55783,35.17413,41.23683,-78.78009,37.54326,34.47884,-73.14375,38.66491,25.33555,-67.77034,42.43478,35.17251,-58.48106,23.30856,19.90518,-63.85449,43.94931
0.02242242,46.06681,-79.32535,33.25854,45.42973,-78.37249,32.94276,43.33063,-78.67606,35.34543,36.49097,-73.18508,36.6941,27.32262,-68.05102,40.7284,36.63828,-58.24588,21.6076,21.85003,-64.26859,42.41856
0.02252252,48.0873,-79.04824,30.96094,47.42686,-78.10292,30.67606,45.37776,-78.48748,33.10971,38.46385,-73.14785,34.684,29.28036,-68.25869,38.97832,38.06501,-57.9484,19.8834,23.77167,-64.61366,40.84199
0.02262262,50.0631,-78.69777,28.63467,49.37998,-77.7609,28.38092,47.38276,-78.22609,30.84333,40.40104,-73.04286,32.64182,31.21102,-68.40316,37.19214,39.45673,-57.59743,18.1407,25.67154,-64.89931,39.22776
0.02272272,51.99097,-78.2718,26.28082,51.28586,-77.34429,26.05843,49.34243,-77.88966,28.54723,42.29965,-72.8679,30.56824,33.11198,-68.48219,35.3702,40.81099,-57.19149,16.3805,27.54723,-65.1228,37.57557
0.02282282,53.86242,-77.76098,23.89856,53.13616,-76.84388,23.70772,51.24861,-77.46885,26.22024,44.15244,-72.61408,28.46164,34.97717,-68.48715,33.50998,42.12138,-56.7239,14.60252,29.39342,-65.27628,35.88285
0.02292292,55.684,-77.17831,21.4943,54.93731,-76.27249,21.33518,53.10737,-76.97647,23.8691,45.96441,-72.29327,26.32886,36.81009,-68.42896,31.61887,43.39313,-56.20418,12.81105,31.2127,-65.3696,34.15689
0.02302302,57.45055,-76.51928,19.06873,56.68422,-75.62567,18.94145,54.91369,-76.408,21.4943,47.73105,-71.90108,24.17004,38.60681,-68.30326,29.69645,44.62238,-55.62916,11.00677,33.00153,-65.39851,32.39698
0.02312312,59.15824,-75.7819,16.62366,58.37311,-74.90144,16.52834,56.66379,-75.7613,19.09752,49.44886,-71.43539,21.98654,40.36413,-68.10779,27.74366,45.80631,-54.99749,9.191177,34.75692,-65.36099,30.60407
0.02322322,60.80959,-74.97237,14.16279,60.00646,-74.10593,14.09947,58.35996,-75.04251,16.68255,51.11964,-70.90181,19.78216,42.08315,-67.84762,25.76447,46.94697,-54.31375,7.366775,36.47956,-65.26148,28.78192
0.02332332,62.39799,-74.08527,11.68728,61.57775,-73.23377,11.65603,59.99575,-74.24611,14.25035,52.73759,-70.29498,17.55739,43.75876,-67.51742,23.75866,48.03943,-53.57413,5.534696,38.16482,-65.09464,26.92982
0.02342342,63.92567,-73.12618,9.200512,63.08916,-72.29048,9.201319,61.5732,-73.37759,11.80439,54.30428,-69.61996,15.31568,45.39193,-67.12176,21.72983,49.08555,-52.78275,3.697197,39.81328,-64.86494,25.05167
0.02352352,65.3905,-72.09523,6.704732,64.53859,-71.27617,6.737579,63.09013,-72.437,9.34687,55.81764,-68.87665,13.05901,46.98059,-66.66028,19.67969,50.08378,-51.93978,1.856,41.42294,-64.57189,23.14895
0.02362362,66.79073,-70.99306,4.202332,65.92433,-70.1915,4.267163,64.54478,-71.4249,6.88011,57.27595,-68.06543,10.78948,48.52301,-66.13313,17.61012,51.03294,-51.04582,0.01288341,42.99207,-64.21527,21.22321
0.02372372,68.12502,-69.82078,1.695766,67.24502,-69.03751,1.792495,65.93574,-70.34227,4.406535,58.67777,-67.1871,8.509333,50.01766,-65.54082,15.52317,51.93207,-50.10173,-1.830342,44.5191,-63.79552,19.27642
0.02382382,69.39203,-68.57952,-0.8125067,68.49936,-67.81536,-0.6839979,67.26162,-69.19019,1.928572,60.02172,-66.24252,6.220796,51.46308,-64.88394,13.42086,52.78031,-49.10844,-3.671865,46.00256,-63.31326,17.31069
0.02392392,70.58932,-67.26936,-3.319968,69.68492,-66.52509,-3.15983,68.51996,-67.96862,-0.5513354,61.30545,-65.2315,3.926051,52.85694,-64.16202,11.30508,53.5759,-48.06611,-5.509794,47.44018,-62.76761,15.32743
0.02402402,71.71243,-65.88868,-5.823748,70.79729,-65.16512,-5.632172,69.70631,-66.67585,-3.030462,62.5248,-64.15222,1.627427,54.19536,-63.37298,9.177619,54.31561,-46.9737,-7.341913,48.82827,-62.15637,13.3281
0.02412413,72.77188,-64.44959,-8.322285,71.84688,-63.74742,-8.099459,70.83083,-65.32401,-5.506817,63.68871,-63.01619,-0.6725171,55.4858,-62.5279,7.042101,55.00748,-45.8399,-9.167576,50.17334,-61.49047,11.31713
0.02422422,73.75459,-62.94257,-10.81202,72.82075,-62.26254,-10.5582,71.88068,-63.90334,-7.977349,64.78554,-61.81385,-2.971681,56.71787,-61.61707,4.899195,55.64173,-44.65809,-10.98364,51.46589,-60.7599,9.294013
0.02432432,74.66513,-61.37402,-13.29111,73.7234,-60.71684,-13.00657,72.86023,-62.42024,-10.43999,65.81902,-60.55122,-5.267805,57.89457,-60.64616,2.751587,56.22193,-43.43289,-12.78905,52.70841,-59.97044,7.262035
0.02442442,75.50356,-59.74617,-15.75739,74.5549,-59.11248,-15.44242,73.76945,-60.87685,-12.8926,66.78902,-59.23018,-7.558841,59.0155,-59.6168,0.6013025,56.74818,-42.16602,-14.58217,53.90039,-59.12319,5.222795
0.02452452,76.26576,-58.05796,-18.20781,75.31116,-57.44842,-17.86275,74.60419,-59.27194,-15.33226,67.69164,-57.84937,-9.842267,60.077,-58.52737,-1.549631,57.21748,-40.85688,-16.3606,55.03834,-58.21664,3.178299
0.02462463,76.95724,-56.31581,-20.64142,75.99764,-55.73103,-20.26661,75.3698,-57.61202,-17.75779,68.53157,-56.41497,-12.1166,61.08294,-57.38374,-3.699195,57.63407,-39.51007,-18.124,56.12561,-57.2562,1.130584
0.02472473,77.56804,-54.5145,-23.05354,76.6045,-53.95509,-22.64941,76.05645,-55.89158,-20.16487,69.29974,-54.92139,-14.37835,62.02504,-56.18002,-5.845019,57.99062,-38.12208,-19.86854,57.15448,-56.23613,-0.9183502
0.02482482,78.09974,-52.65768,-25.44206,77.13328,-52.12426,-25.00902,76.66556,-54.11428,-22.55128,69.99731,-53.37203,-16.62528,62.904,-54.91923,-7.984775,58.28843,-36.69556,-21.59288,58.12542,-55.15903,-2.966386
0.02492492,78.56021,-50.75279,-27.80742,77.59176,-50.24586,-27.34589,77.20479,-52.28763,-24.91716,70.63111,-51.77406,-18.85705,63.72574,-53.60846,-10.11728,58.53344,-35.2358,-23.29764,59.0437,-54.03184,-5.011858
0.02502503,78.93598,-48.79317,-30.14281,77.96663,-48.31332,-29.65331,77.66081,-50.40462,-27.25619,71.18884,-50.1204,-21.06844,64.47893,-52.24006,-12.23887,58.71574,-33.73836,-24.97738,59.89872,-52.84686,-7.051857
0.02512513,79.24062,-46.78958,-32.45104,78.27128,-46.33725,-31.93403,78.04688,-48.4762,-29.57067,71.68246,-48.42165,-23.26082,65.17414,-50.8247,-14.34944,58.84547,-32.21077,-26.63471,60.70011,-51.61439,-9.085718
0.02522523,79.45992,-44.73555,-34.72437,78.49168,-44.31126,-34.18042,78.34893,-46.49558,-31.85335,72.09898,-46.67085,-25.42813,65.79932,-49.35476,-16.44457,58.91225,-30.64877,-28.26348,61.43654,-50.32679,-11.10975
0.02532533,79.60629,-42.64049,-36.9658,78.64008,-42.24465,-36.39542,78.57909,-44.47232,-34.10677,72.44936,-44.87733,-27.57204,66.36423,-47.83966,-18.52457,58.92529,-29.05892,-29.86636,62.1169,-48.99323,-13.12368
0.02542542,79.66951,-40.50083,-39.16868,78.70638,-40.13388,-38.57249,78.72721,-42.40259,-36.32462,72.72416,-43.037,-29.68715,66.85999,-46.27471,-20.58527,58.87717,-27.43898,-31.43819,62.7328,-47.60876,-15.12403
0.02552553,79.65701,-38.3227,-41.3343,78.69792,-37.98502,-40.71289,78.80053,-40.29261,-38.50793,72.92989,-41.1559,-31.77399,67.29231,-44.66595,-22.62637,58.77347,-25.79326,-32.98021,63.28941,-46.17946,-17.10995
0.02562563,79.5639,-36.10572,-43.45818,78.60986,-35.79767,-42.81219,78.79415,-38.1418,-40.65234,73.0619,-39.2332,-33.8287,67.65671,-43.01207,-24.64463,58.61066,-24.12166,-34.489,63.78238,-44.70357,-19.07881
0.02572573,79.3926,-33.85327,-45.53933,78.44459,-33.57518,-44.86941,78.71035,-35.95356,-42.75679,73.12215,-37.27206,-35.8501,67.95473,-41.31609,-26.63864,58.39063,-22.42666,-35.96397,64.21301,-43.18418,-21.02884
0.02582583,79.13725,-31.56509,-47.57217,78.19632,-31.31727,-46.87905,78.54327,-33.72741,-44.81586,73.10508,-35.27169,-37.83339,68.18095,-39.57662,-28.60433,58.10918,-20.70825,-37.40094,64.57605,-41.61941,-22.95665
0.02592593,78.80935,-29.2481,-49.56125,77.8764,-29.03082,-48.84558,78.30421,-31.47051,-46.83369,73.02103,-33.23922,-39.78181,68.34474,-37.80111,-30.54364,57.7748,-18.97117,-38.80363,64.88019,-40.0169,-24.86329
0.02602603,78.41148,-26.90486,-51.50662,77.48737,-26.71832,-50.76905,77.99563,-29.18537,-48.81026,72.87222,-31.17705,-41.69516,68.44805,-35.99194,-32.4561,57.38946,-17.21738,-40.17208,65.12712,-38.3789,-26.74822
0.02612613,77.92433,-24.53077,-53.39357,77.01016,-24.3752,-52.63496,77.59828,-26.8668,-50.73148,72.6405,-29.07929,-43.56121,68.47361,-34.14179,-34.33182,56.93919,-15.44418,-41.49501,65.30036,-36.69743,-28.60293
0.02622623,77.36411,-22.13372,-55.23039,76.46076,-22.0093,-54.45146,77.12819,-24.52312,-52.60507,72.34073,-26.95441,-45.38632,68.43507,-32.25979,-36.17527,56.43588,-13.65679,-42.77908,65.4127,-34.98191,-30.43079
0.02632633,76.72756,-19.71471,-57.01285,75.83598,-19.62159,-56.21439,76.58205,-22.15515,-54.4269,71.96967,-24.80294,-47.16673,68.32917,-30.34602,-37.98314,55.87726,-11.85612,-44.02114,65.46091,-33.23199,-32.22891
0.02642643,76.01217,-17.27545,-58.73672,75.1333,-17.21374,-57.91956,75.95723,-19.76445,-56.19278,71.5247,-22.62609,-48.89861,68.15318,-28.40122,-39.75196,55.2616,-10.04355,-45.21804,65.44222,-31.44837,-33.99385
0.02652653,75.22569,-14.81997,-60.40572,74.3604,-14.78975,-59.57064,75.26141,-17.35523,-57.90618,71.01292,-20.42814,-50.58479,67.9136,-26.42994,-41.48366,54.59461,-8.22181,-46.3728,65.3627,-29.63552,-35.72718
0.02662663,74.36094,-12.34897,-62.01197,73.51016,-12.3503,-61.15985,74.48732,-14.92789,-59.55943,70.42732,-18.20895,-52.21837,67.60352,-24.43125,-43.17226,53.8712,-6.391728,-47.47947,65.21558,-27.79207,-37.4235
0.02672673,73.42238,-9.865809,-63.55657,72.587,-9.898716,-62.68828,73.63931,-12.48586,-61.15345,69.77187,-15.97188,-53.79999,67.22643,-22.40851,-44.81791,53.09469,-4.555641,-48.53905,65.00406,-25.92149,-39.08257
0.02682683,72.41155,-7.372958,-65.0386,71.59244,-7.437429,-64.15501,72.71887,-10.03159,-62.68728,69.04783,-13.71923,-55.32859,66.78331,-20.36389,-46.41942,52.26627,-2.715312,-49.55096,64.72894,-24.02563,-40.7033
0.02692693,71.33174,-4.873022,-66.45872,70.52969,-4.969017,-65.56068,71.72916,-7.567728,-64.16143,68.25804,-11.45355,-56.80449,66.2767,-18.29996,-47.97674,51.3884,-0.872627,-50.51578,64.3925,-22.10722,-42.28529
0.02702703,70.18388,-2.368232,-67.81565,69.39971,-2.495682,-66.90403,70.67106,-5.096464,-65.57459,67.40323,-9.176862,-58.22636,65.70702,-16.21855,-49.48848,50.46187,0.9707727,-51.43264,63.99505,-20.16775,-43.8273
0.02712713,68.9592,0.1392304,-69.09843,68.1938,-0.01955964,-68.17424,69.53562,-2.619567,-66.91605,66.47469,-6.890163,-59.58453,65.06557,-14.11948,-50.94609,49.4805,2.812856,-52.29335,63.52797,-18.20664,-45.32132
0.02722723,67.67035,2.646589,-70.31694,66.92447,2.456589,-69.38106,68.33549,-0.1402198,-68.19527,65.48434,-4.597116,-60.88723,64.36371,-12.00738,-52.35633,48.45344,4.652057,-53.1055,63.00211,-16.22873,-46.77338
0.02732733,66.31468,5.151437,-71.46612,65.58908,4.930395,-70.51948,67.06791,2.339355,-69.40726,64.4294,-2.299524,-62.12987,63.59842,-9.883477,-53.71495,47.37892,6.486427,-53.86535,62.41442,-14.2351,-48.17933
0.02742743,64.88934,7.650876,-72.54021,64.18483,7.398999,-71.58382,65.7299,4.816431,-70.54633,63.30683,0.0003641169,-63.30719,62.76646,-7.749338,-55.01712,46.25498,8.313738,-54.56872,61.76156,-12.22678,-49.53478
0.02752753,63.4049,10.14334,-73.54824,62.72216,9.860833,-72.58298,64.33208,7.28908,-71.62115,62.12667,2.300141,-64.42681,61.87744,-5.608281,-56.26916,45.08924,10.13325,-55.22249,61.05279,-10.20762,-50.84516
0.02762763,61.85398,12.62523,-74.47921,61.19376,12.31237,-73.50613,62.86684,9.754109,-72.62095,60.88146,4.597439,-65.4789,60.9237,-3.461452,-57.46225,43.87657,11.94196,-55.81853,60.28041,-8.178062,-52.10235
0.02772773,60.24607,15.09558,-75.34165,59.609,14.75263,-74.36164,61.34365,12.21025,-73.5539,59.58017,6.890524,-66.4707,59.91395,-1.311481,-58.60247,42.62387,13.73936,-56.36324,59.45284,-6.141191,-53.31165
0.02782783,58.57556,17.55051,-76.12608,57.96233,17.17782,-75.14016,59.75674,14.65396,-74.4107,58.21703,9.1766,-67.39363,58.8421,0.839929,-59.68203,41.32727,15.52238,-56.84965,58.56391,-4.098032,-54.46588
0.02792793,56.84793,19.98837,-76.8363,56.25919,19.58628,-75.84547,58.1116,17.08339,-75.19498,56.7972,11.45366,-68.25085,57.71301,2.990413,-60.70343,39.99072,17.29004,-57.28075,57.61826,-2.051125,-55.56713
0.02802803,55.06309,22.40626,-77.46935,54.49945,21.97513,-76.47459,56.408,19.49574,-75.90373,55.32026,13.71921,-69.03947,56.52599,5.137858,-61.66385,38.61428,19.04012,-57.6544,56.61502,-0.002421767,-56.61259
0.02812813,53.22517,24.80262,-78.02779,52.68722,24.34287,-77.03009,54.65006,21.88935,-76.53941,53.79007,15.97152,-69.76159,55.28461,7.28028,-62.56489,37.20098,20.77165,-57.97263,55.55758,2.04613,-57.60371
0.02822823,51.33408,27.17443,-78.50851,50.82238,26.68649,-77.50887,52.83754,24.26129,-77.09883,52.20621,18.20797,-70.41418,53.98816,9.41547,-63.40363,35.75089,22.4823,-58.23319,54.44506,4.092414,-58.53747
0.02832833,49.39233,29.51961,-78.91194,48.90742,29.00394,-77.91136,50.9729,26.60945,-77.58236,50.57089,20.42653,-70.99742,52.63858,11.54138,-64.17995,34.26587,24.17065,-58.43652,53.2792,6.134497,-59.4137
0.02842843,47.40032,31.83488,-79.2352,46.94273,31.29198,-78.23471,49.05644,28.93063,-77.98707,48.88419,22.6243,-71.50849,51.23559,13.6555,-64.89108,32.74634,25.83422,-58.58056,52.05955,8.170197,-60.22974
0.02852853,45.36145,34.11868,-79.48014,44.93167,33.54907,-78.48074,47.0915,31.2232,-78.3147,47.14922,24.79963,-71.94884,49.78206,15.756,-65.53806,31.19479,27.47201,-58.6668,50.78878,10.19748,-60.98626
0.02862863,43.2779,36.36891,-79.64681,42.87637,35.77314,-78.64951,45.08018,33.48502,-78.56521,45.36785,26.95046,-72.31831,48.27962,17.84088,-66.12049,29.61287,29.0825,-58.69537,49.46835,12.21442,-61.68277
0.02872873,41.15254,38.58413,-79.73666,40.77969,37.96274,-78.74242,43.02538,35.71458,-78.73995,43.54274,29.07526,-72.618,46.73068,19.90847,-66.63915,28.00265,30.66477,-58.66742,48.10054,14.21942,-62.31996
0.02882883,38.98528,40.76029,-79.74556,38.64152,40.1139,-78.75541,40.92676,37.90799,-78.83475,41.67335,31.17057,-72.84392,45.13431,21.95584,-67.09016,26.3643,32.21569,-58.57999,46.68415,16.20973,-62.89388
0.02892893,36.77914,42.89579,-79.67493,36.46484,42.22503,-78.68987,38.78736,40.06356,-78.85092,39.76245,33.2347,-72.99715,43.49306,23.98118,-67.47424,24.70003,33.7342,-58.43423,45.22158,18.18359,-63.40518
0.02902903,34.53707,44.98939,-79.52646,34.25258,44.29488,-78.54746,36.61008,42.17998,-78.79006,37.81276,35.26627,-73.07903,41.80942,25.98297,-67.79239,23.01197,35.21951,-58.23148,43.71519,20.13945,-63.85463
0.02912913,32.26142,47.0395,-79.30092,32.00703,46.32191,-78.32895,34.39724,44.25562,-78.65285,35.82638,37.26368,-73.09006,40.0853,27.95956,-68.04485,21.30187,36.67052,-57.97239,42.1667,22.07554,-64.24224
0.02922923,29.95302,49.04201,-78.99503,29.72903,48.30205,-78.03108,32.1495,46.28646,-78.43595,33.80368,39.22331,-73.02699,38.32063,29.90775,-68.22837,19.57052,38.08413,-57.65465,40.57581,23.98908,-64.5649
0.02932933,27.6156,50.99721,-78.61281,27.42226,50.23557,-77.65783,29.87064,48.27262,-78.14326,31.7483,41.14502,-72.89333,36.51897,31.82699,-68.34596,17.82055,39.46074,-57.28129,38.94602,25.87922,-64.82523
0.02942943,25.25092,52.90248,-78.1534,25.08844,52.1199,-77.20833,27.56231,50.21153,-77.77384,29.66166,43.02639,-72.68805,34.68146,33.715,-68.39645,16.05333,40.79844,-56.85176,37.27823,27.74375,-65.02198
0.02952953,22.86,54.75294,-77.61293,22.72858,53.9502,-76.67878,25.22539,52.09839,-77.32378,27.54428,44.86309,-72.40737,32.80806,35.56796,-68.37601,14.26979,42.0936,-56.36338,35.57213,29.57932,-65.15146
0.02962963,20.4476,56.55202,-76.99962,20.34741,55.72986,-76.07727,22.8648,53.93635,-76.80115,25.40108,46.65762,-72.0587,30.90396,37.38742,-68.29139,12.47313,43.34904,-55.82218,33.83298,31.38684,-65.21982
0.02972973,18.01435,58.294,-76.30835,17.94551,57.45324,-75.39875,20.4809,55.71984,-76.20074,23.23206,48.40497,-71.63703,28.96857,39.16907,-68.13763,10.66415,44.5604,-55.22455,32.05982,33.16242,-65.22224
0.02982983,15.56297,59.97738,-75.54034,15.52557,59.11885,-74.64442,18.07641,57.44732,-75.52372,21.03971,50.10358,-71.14329,27.00414,40.91122,-67.91536,8.844793,45.7267,-54.5715,30.25477,34.90443,-65.1592
0.02992993,13.0964,61.60231,-74.69872,13.09052,60.72683,-73.81736,15.65431,59.11878,-74.77309,18.82688,51.75328,-70.58016,25.01348,42.61339,-67.62687,7.01715,46.84819,-53.86534,28.42057,36.61211,-65.03268
0.03003003,10.61687,63.16658,-73.78345,10.64254,62.27501,-72.91754,13.21674,60.73202,-73.94876,16.5955,53.35194,-69.94744,22.99823,44.27349,-67.27173,5.182904,47.92328,-53.10619,26.55868,38.28348,-64.84216
0.03013013,8.126803,64.66864,-72.79544,8.184022,63.76182,-71.94584,10.76609,62.28543,-73.05151,14.34773,54.89798,-69.24571,20.96036,45.88989,-66.85025,3.343842,48.95091,-52.29475,24.6709,39.91691,-64.58781
0.03023023,5.628634,66.107,-71.73563,5.717378,65.18582,-70.9032,8.304749,63.77748,-72.08223,12.08579,56.38988,-68.47566,18.90186,47.46099,-66.36284,1.501765,49.93008,-51.43184,22.75909,41.51074,-64.26983
0.03033033,3.124803,67.47995,-70.60475,3.245012,66.5453,-69.79031,5.83512,65.20641,-71.04153,9.811838,57.8259,-67.63774,16.82467,48.98502,-65.80969,-0.3415129,50.85957,-50.51806,20.82503,43.06322,-63.88826
0.03043043,0.6177683,68.78419,-69.40196,0.7693527,67.83702,-68.60638,3.359555,66.56895,-69.9285,7.527937,59.20298,-66.73091,14.73044,50.45907,-65.18951,-2.184131,51.73705,-49.55292,18.87012,44.57164,-63.44175
0.03053053,-1.889811,70.02224,-68.13243,-1.706972,69.06344,-67.35647,0.8808225,67.86739,-68.74821,5.236882,60.52298,-65.75986,12.62219,51.88443,-64.50661,-4.024272,52.56448,-48.54021,16.89743,46.03682,-62.93425
0.03063063,-4.395453,71.18869,-66.79324,-4.181514,70.21922,-66.03771,-1.598772,69.09643,-67.49766,2.940541,61.78102,-64.72156,10.50115,53.25661,-63.75776,-5.859988,53.33793,-47.47794,14.90786,47.45467,-62.36253
0.03073073,-6.896821,72.28634,-65.38952,-6.651963,71.30714,-64.65517,-4.076788,70.25867,-66.18188,0.6414189,62.97927,-63.62069,8.370095,54.5772,-62.94729,-7.689664,54.05957,-46.3699,12.90424,48.82635,-61.73059
0.03083083,-9.391587,73.31417,-63.92258,-9.116023,72.32616,-63.21014,-6.55092,71.35304,-64.80212,-1.658346,64.11662,-62.45827,6.230995,55.84498,-62.07597,-9.511603,54.72874,-45.21714,10.88844,50.15064,-61.03908
0.03093093,-11.87743,74.27122,-62.39379,-11.5714,73.27535,-61.70395,-9.018867,72.37853,-63.35966,-3.956615,65.192,-61.23539,4.085838,57.05877,-61.1446,-11.32411,55.34481,-44.02069,8.862343,51.42626,-60.2886
0.03103103,-14.35172,75.15484,-60.80312,-14.0155,74.15208,-60.13659,-11.47807,73.33244,-61.85438,-6.251108,66.20287,-59.95177,1.936571,58.21606,-60.15263,-13.1252,55.9059,-42.78069,6.827663,52.65084,-59.4785
0.03113113,-16.81071,75.95817,-59.14746,-16.44462,74.94957,-58.50495,-13.92502,74.208,-60.28297,-8.538914,67.14294,-58.60402,-0.2146899,59.31104,-59.09635,-14.9119,56.40697,-41.49507,4.786038,53.81882,-58.60486
0.03123123,-19.25397,76.69048,-57.43651,-18.85835,75.67699,-56.81864,-16.35896,75.01417,-58.65521,-10.81871,68.02016,-57.20145,-2.36566,60.35047,-57.98481,-16.68431,56.85506,-40.17075,2.740265,54.93628,-57.67655
0.03133133,-21.67923,77.3504,-55.67117,-21.25441,76.33295,-55.07853,-18.77761,75.74951,-56.9719,-13.08842,68.8331,-55.74468,-4.514468,61.33286,-56.81839,-18.4407,57.24922,-38.80852,0.6920825,56.00163,-56.69371
0.03143143,-24.08099,77.92629,-53.84529,-23.62742,76.90598,-53.27856,-21.17591,76.40257,-55.22666,-15.34392,69.5712,-54.22728,-6.658319,62.24852,-55.5902,-20.17674,57.58092,-37.40419,-1.356528,57.00587,-55.64935
0.03153153,-26.46112,78.43213,-51.97101,-25.97917,77.40986,-51.43069,-23.55516,76.98693,-53.43177,-17.5856,70.2467,-52.66109,-8.796105,63.10812,-54.31201,-21.89433,57.86063,-35.96631,-3.403603,57.95865,-54.55505
0.03163163,-28.81305,78.85419,-50.04115,-28.30321,77.83105,-49.52785,-25.9093,77.48906,-51.57975,-19.80852,70.84708,-51.03856,-10.92446,63.90021,-52.97575,-23.58821,58.07828,-34.49006,-5.446733,58.84921,-53.40247
0.03173173,-31.13855,79.20395,-48.0654,-30.60127,78.18086,-47.57959,-28.23967,77.92011,-49.68044,-22.01324,71.38244,-49.3692,-13.0427,64.63361,-51.5909,-25.26015,58.24244,-32.98228,-7.484542,59.68559,-52.20105
0.03183183,-33.43143,79.47054,-46.03911,-32.86724,78.44856,-45.58133,-30.54045,78.26934,-47.72889,-24.19486,71.84277,-47.6479,-15.14721,65.29903,-50.15182,-26.90525,58.34517,-31.43991,-9.514188,60.45899,-50.9448
0.03193193,-35.69286,79.66235,-43.9695,-35.10226,78.64245,-43.54018,-32.81248,78.54491,-45.73243,-26.35369,72.23542,-45.88173,-17.23739,65.90292,-48.66553,-28.52469,58.39277,-29.86808,-11.53456,61.17527,-49.64071
0.03203203,-37.91886,79.77492,-41.85606,-37.30244,78.75809,-41.45565,-35.05195,78.74235,-43.6904,-28.48635,72.55616,-44.06981,-19.31041,66.44115,-47.13075,-30.11549,58.38204,-28.26655,-13.54319,61.83046,-48.28728
0.03213213,-40.10614,79.80594,-39.6998,-39.46448,78.79321,-39.32874,-37.2556,78.85929,-41.60369,-30.58988,72.80267,-42.21278,-21.36362,66.91138,-45.54776,-31.67519,58.31138,-26.63619,-15.53763,62.42215,-46.88451
0.03223223,-42.25503,79.76064,-37.50561,-41.58873,78.75299,-37.16426,-39.42358,78.90081,-39.47723,-32.66409,72.97948,-40.31539,-23.39628,67.3175,-43.92123,-33.20425,58.18473,-24.98048,-17.51687,62.95392,-45.43705
0.03233233,-44.36192,79.63589,-35.27397,-43.67162,78.63429,-34.96268,-41.55237,78.86372,-37.31135,-34.70581,73.08353,-38.37772,-25.40562,67.65649,-42.25087,-34.69995,57.99986,-23.29991,-19.47838,63.4227,-43.94432
0.03243243,-46.4237,79.43029,-33.00659,-45.71008,78.43578,-32.7257,-43.63889,78.74657,-35.10767,-36.71219,73.11332,-36.40112,-27.38902,67.92667,-40.53765,-36.16003,57.75587,-21.59583,-21.4197,63.82682,-42.40711
0.03253253,-48.44191,79.15003,-30.70812,-47.70561,78.16351,-30.4579,-45.68444,78.55538,-32.87094,-38.68409,73.07431,-34.39022,-29.34663,68.13291,-38.78628,-37.58585,57.45735,-19.87149,-23.34061,64.17072,-40.8301
0.03263263,-50.41109,78.78957,-28.37849,-49.65284,77.81204,-28.15921,-47.68376,78.28459,-30.60084,-40.61681,72.9612,-32.34439,-31.27448,68.27003,-36.99556,-38.97326,57.10037,-18.12711,-25.23758,64.4493,-39.21172
0.03273273,-52.3326,78.35442,-26.02183,-51.55309,77.3868,-25.83372,-49.63797,77.93959,-28.30161,-42.51111,72.77885,-30.26775,-33.1727,68.34235,-35.16965,-40.32347,56.68902,-16.36555,-27.1104,64.6666,-37.55621
0.03283283,-54.19835,77.83575,-23.63741,-53.39838,76.87907,-23.48069,-51.5393,77.51151,-25.97221,-44.36007,72.51888,-28.1588,-35.03548,68.34172,-33.30624,-41.63036,56.21699,-14.58663,-28.95397,64.81468,-35.86072
0.03293293,-56.01466,77.24609,-21.23144,-55.19495,76.30122,-21.10626,-53.39359,77.01273,-23.61915,-46.16854,72.1927,-26.02417,-36.86622,68.27867,-31.41245,-42.89899,55.69346,-12.79447,-30.77081,64.9034,-34.1326
0.03303303,-57.77345,76.57695,-18.8035,-56.93483,75.64483,-18.71001,-55.19306,76.43468,-21.24163,-47.92959,71.79217,-23.86258,-38.65906,68.14528,-29.48622,-44.12318,55.11238,-10.9892,-32.55574,64.92512,-32.36938
0.03313313,-59.47462,75.83144,-16.35682,-58.61789,74.91302,-16.29513,-56.93746,75.78043,-18.84296,-49.64279,71.31998,-21.67719,-40.41324,67.94384,-27.53059,-45.30301,54.4761,-9.17309,-34.30785,64.8818,-30.57394
0.03323323,-61.11625,75.01015,-13.8939,-60.24224,74.10633,-13.86408,-58.62486,75.05044,-16.42558,-51.30625,70.77645,-19.4702,-42.12685,67.67437,-25.54752,-46.43719,53.78514,-7.347947,-36.02524,64.77336,-28.74812
0.03333334,-62.7001,74.11789,-11.41779,-61.80962,73.22952,-11.4199,-60.25681,74.24943,-13.99262,-52.92117,70.16589,-17.24473,-43.80055,67.34079,-23.54024,-47.52714,53.04306,-5.515917,-37.70825,64.60342,-26.89517
0.03343343,-64.21974,73.14977,-8.93002,-63.31369,72.27776,-8.964067,-61.82706,73.37242,-11.54536,-54.48187,69.48346,-15.00159,-45.42932,66.93819,-21.50887,-48.56808,52.24645,-3.678364,-39.35229,64.36705,-25.01476
0.03353353,-65.67886,72.11272,-6.433867,-64.75763,71.25749,-6.499865,-63.33342,72.4211,-9.087679,-55.99176,68.73609,-12.74433,-47.01571,66.47305,-19.45734,-49.56346,51.40088,-1.837427,-40.95938,64.07042,-23.11104
0.03363363,-67.03945,70.97262,-3.933167,-66.08806,70.12026,-4.032205,-64.54204,71.17921,-6.637176,-57.43703,67.91128,-10.47425,-48.55244,65.93812,-17.38568,-50.50699,50.50167,0.005319785,-42.5208,63.70446,-21.18366
0.03373373,-68.29076,69.72255,-1.431794,-67.29353,68.85851,-1.564985,-65.45895,69.65561,-4.196656,-58.79824,66.99421,-8.195967,-50.03708,65.3345,-15.29742,-51.39897,49.55113,1.847839,-44.02999,63.26648,-19.23648
0.03383384,-69.4462,68.37714,1.069055,-68.40041,67.49885,0.9015598,-66.26595,68.02106,-1.755116,-60.06323,65.97535,-5.912122,-51.46466,64.65898,-13.19433,-52.23464,48.54653,3.688106,-45.48291,62.75389,-17.27098
0.03393393,-70.5208,66.95287,3.567924,-69.42986,66.06341,3.366442,-67.04448,66.35376,0.6907201,-61.24009,64.86471,-3.624617,-52.83552,63.91437,-11.07885,-53.01301,47.48875,5.524266,-46.88149,62.17093,-15.28944
0.03403403,-71.52065,65.45771,6.062943,-70.39022,64.56223,5.827988,-67.81922,64.67878,3.140441,-62.33649,63.67126,-1.334767,-54.14759,63.10016,-8.952573,-53.7306,46.37633,7.354272,-48.22494,61.51807,-13.29313
0.03413413,-72.45318,63.901,8.552183,-71.28921,63.00489,8.284316,-68.59367,63.00187,5.591811,-63.36403,62.40815,0.955869,-55.40232,62.22009,-6.817772,-54.38813,45.21171,9.17642,-49.5154,60.7996,-11.2842
0.03423423,-73.32168,62.28817,11.0335,-72.12981,61.39651,10.7333,-69.36287,61.32075,8.04212,-64.32977,61.08414,3.245622,-56.59978,61.27623,-4.676444,-54.98555,43.99658,10.98897,-50.75345,60.01791,-9.264464
0.03433434,-74.12781,60.62316,13.50465,-72.91319,59.74052,13.17267,-70.11954,59.63105,10.4885,-65.23827,59.70563,5.532641,-57.73986,60.27047,-2.530615,-55.52316,42.73297,12.7902,-51.9394,59.17522,-7.235816
0.03443443,-74.87344,58.90983,15.96361,-73.64063,58.04023,15.6004,-70.85699,57.92871,12.92828,-66.09322,58.27814,7.815076,-58.82351,59.20584,-0.3823354,-56.0027,41.42398,14.57872,-53.07443,58.2747,-5.200269
0.03453454,-75.55595,57.14846,18.40748,-74.30923,56.29563,18.01361,-71.56781,56.20946,15.35835,-66.89354,56.80293,10.09061,-59.84801,58.08161,1.766404,-56.42237,40.07006,16.3523,-54.15631,57.31581,-3.159494
0.03463463,-76.17367,55.34028,20.83339,-74.917,54.50757,20.40943,-72.24542,54.4699,17.77553,-67.63853,55.28179,12.35674,-60.81189,56.89857,3.913323,-56.78189,38.67298,18.10892,-55.1839,56.29945,-1.115557
0.03473473,-76.73029,53.48999,23.24029,-75.46703,52.68024,22.78679,-72.8876,52.70944,20.17817,-68.33154,53.71954,14.612,-61.71884,55.66227,6.056571,-57.08602,37.23785,19.84817,-56.16051,55.23104,0.9294726
0.03483484,-77.21981,51.59568,25.62413,-75.95334,50.81166,25.14168,-73.48723,50.92487,22.56236,-68.96748,52.11428,16.8532,-62.56362,54.36996,8.193659,-57.33081,35.76394,21.56687,-57.08155,54.10798,2.973579
0.03493493,-77.6478,49.66284,27.98495,-76.38096,48.90686,27.4741,-74.04514,49.11759,24.92756,-69.5509,50.47126,19.07964,-63.35172,53.02843,10.32329,-57.52246,34.25698,23.26548,-57.95194,52.93689,5.015055
0.03503504,-78.00596,47.68838,30.31758,-76.74176,46.96279,29.77897,-74.55306,47.28419,27.26887,-70.07452,48.78724,21.28727,-64.07588,51.63348,12.4424,-57.65527,32.71529,24.93998,-58.76515,51.71362,7.051529
0.03513514,-78.29635,45.67558,32.62077,-77.03745,44.98244,32.055,-75.01003,45.42531,29.58471,-70.53975,47.06521,23.47453,-64.73839,50.18915,14.54924,-57.73235,31.14259,26.58975,-59.52313,50.44204,9.081086
0.03523523,-78.52141,43.62757,34.89384,-77.2702,42.96867,34.30153,-75.41602,43.54191,31.87411,-70.94843,45.30799,25.64044,-65.34174,48.6992,16.64254,-57.75677,29.54222,28.21455,-60.22808,49.12583,11.10225
0.03533534,-78.67043,41.54075,37.12968,-77.42949,40.91796,36.51153,-75.76043,41.63011,34.13032,-71.29092,43.51164,27.77928,-65.87663,47.15872,18.71791,-57.72123,27.91239,29.80884,-60.87151,47.76,13.11151
0.03543543,-78.75603,39.42324,39.33279,-77.52733,38.83794,38.6894,-76.0518,39.69478,36.35702,-71.57788,41.68404,29.89384,-66.35464,45.57801,20.77663,-57.63656,26.25998,31.37658,-61.46368,46.35453,15.10915
0.03553554,-78.76821,37.27201,41.4962,-77.55388,36.72561,40.82827,-76.28004,37.73242,38.54762,-71.80027,39.82175,31.97852,-66.76707,43.95275,22.81432,-57.49597,24.58364,32.91233,-61.99665,44.90509,17.09155
0.03563564,-78.71085,35.09058,43.62027,-77.51273,34.58426,42.92847,-76.44675,35.74465,40.7021,-71.96117,37.92806,34.03311,-67.11761,42.28729,24.83033,-57.30327,22.8866,34.41667,-62.47353,43.41573,19.0578
0.03573574,-78.57566,32.87739,45.69827,-77.39564,32.41227,44.98337,-76.54269,33.72873,42.81395,-72.05291,36.00094,36.05198,-67.39916,40.57913,26.82003,-57.0532,21.16868,35.88453,-62.8877,41.88383,21.00388
0.03583584,-78.37462,30.63892,47.7357,-77.21413,30.21579,46.99834,-76.57719,31.68921,44.88797,-72.08584,34.04685,38.03899,-67.62249,38.83662,28.78587,-56.75528,19.43483,37.32045,-63.24878,40.31747,22.93131
0.03593593,-78.09598,28.37248,49.7235,-76.95653,27.99208,48.96445,-76.53757,29.62212,46.91545,-72.0491,32.06245,39.98664,-67.77738,37.05561,30.72178,-56.40167,17.68418,38.71749,-63.5472,38.71228,24.83492
0.03603604,-77.74548,26.08183,51.66365,-76.62833,25.74469,50.88364,-76.42776,27.52976,48.89801,-71.94753,30.05137,41.89617,-67.86907,35.2408,32.62827,-55.99716,15.91977,40.07739,-63.78753,37.07272,26.71481
0.03613614,-77.32003,23.7677,53.55232,-76.22631,23.4742,52.75211,-76.24305,25.4113,50.83175,-71.77802,28.01394,43.76409,-67.89497,33.39267,34.50229,-55.54018,14.14286,41.39733,-63.96711,35.39899,28.56812
0.03623624,-76.82108,21.43227,55.3888,-75.75175,21.18261,54.56915,-75.98338,23.26761,52.71576,-71.54156,25.95207,45.58949,-67.85645,31.51371,36.34274,-55.03232,12.35534,42.67698,-64.08703,33.6934,30.39363
0.03633634,-76.24843,19.07714,57.17129,-75.20433,18.87138,56.33296,-75.64713,21.099,54.54813,-71.23763,23.86705,47.37058,-67.75346,29.60561,38.14786,-54.47394,10.55883,43.91511,-64.14692,31.9573,32.18962
0.03643643,-75.59925,16.70334,58.8959,-74.58106,16.54137,58.03969,-75.22985,18.90495,56.3249,-70.86329,21.75947,49.10382,-67.58357,27.66911,39.91446,-53.86358,8.754684,45.10889,-64.14421,30.19112,33.9531
0.03653654,-74.8746,14.31298,60.56162,-73.88287,14.19454,59.68833,-74.73125,16.68636,58.04489,-70.41914,19.6311,50.78805,-67.34776,25.70649,41.64126,-53.20243,6.944718,46.25771,-64.07958,28.39692,35.68266
0.03663664,-74.07464,11.90788,62.16675,-73.10976,11.83256,61.27719,-74.15017,14.4439,59.70627,-69.90498,17.48346,52.42152,-67.04614,23.71963,43.32651,-52.49098,5.130558,47.36042,-63.95282,26.57623,37.37659
0.03673674,-73.20369,9.490498,63.71319,-72.26592,9.457784,62.80814,-73.4903,12.17959,61.3107,-69.32451,15.31895,54.00556,-66.6825,21.71151,44.97099,-51.73244,3.313838,48.4186,-63.76722,24.73191,39.03531
0.03683684,-72.25683,7.061818,65.19501,-71.34632,7.071025,64.27529,-72.74497,9.892706,62.85227,-68.67274,13.13786,55.53487,-66.25246,19.68243,46.57004,-50.92385,1.495997,49.42785,-63.51834,22.86382,40.65451
0.03693694,-71.23888,4.624214,66.61467,-70.35567,4.674582,65.68109,-71.91869,7.585465,64.33323,-67.95387,10.94258,57.0113,-65.76018,17.63528,48.1249,-50.06865,-0.3214748,50.39013,-63.2098,20.97471,42.2351
0.03703704,-70.14499,2.179046,67.96594,-69.28899,2.269634,67.01936,-71.00488,5.257529,65.74735,-67.16293,8.733711,58.42923,-65.20123,15.57065,49.63058,-49.16392,-2.136936,51.30086,-62.83713,19.06471,43.77243
0.03713714,-68.97728,-0.2714659,69.24874,-68.14832,-0.1416852,68.29001,-70.00513,2.910729,67.09441,-66.30157,6.513274,59.7883,-64.57733,13.49086,51.08648,-48.21122,-3.948889,52.16011,-62.40163,17.13588,45.26574
0.03723724,-67.73734,-2.725176,70.46252,-66.93518,-2.557308,69.49249,-68.92062,0.5468842,68.37373,-65.37093,4.283158,61.08776,-63.88967,11.39802,52.49165,-47.21173,-5.755866,52.9676,-61.90411,15.1901,46.71402
0.03733734,-66.43078,-5.180076,71.61086,-65.65511,-4.975221,70.63033,-67.75735,-1.831399,69.58875,-64.37602,2.045526,62.3305,-63.14294,9.294642,53.8483,-46.16917,-7.556916,53.72609,-61.3489,13.2299,48.119
0.03743744,-65.04619,-7.63395,72.68014,-64.29659,-7.393498,71.69009,-66.50124,-4.224712,70.72595,-63.30544,-0.1989577,63.50439,-62.32671,7.18095,55.14576,-45.07627,-9.349213,54.42549,-60.72547,11.25454,49.47093
0.03753754,-63.59885,-10.08499,73.68384,-62.87492,-9.81013,72.68504,-65.17011,-6.628429,71.79854,-62.17365,-2.447317,64.62096,-61.45427,5.060599,56.39367,-43.94293,-11.13302,55.07595,-60.04655,9.268261,50.77829
0.03763764,-62.08359,-12.53089,74.61447,-61.38485,-12.22297,73.60781,-63.75743,-9.041601,72.79903,-60.97522,-4.698196,65.67342,-60.5206,2.934686,57.58591,-42.76584,-12.90612,55.67196,-59.30697,7.27161,52.03536
0.03773774,-60.49822,-14.96899,75.4672,-59.82414,-14.62947,74.45361,-62.26035,-11.46225,73.7226,-59.7076,-6.949648,66.65726,-59.52326,0.8049674,58.7183,-41.54359,-14.6664,56.20999,-58.50396,5.265755,53.23821
0.03783784,-58.85091,-17.39783,76.24873,-58.201,-17.02806,75.22905,-60.68855,-13.88723,74.57578,-58.37848,-9.199673,67.57816,-58.4692,-1.326309,59.79551,-40.28142,-16.41368,56.69511,-57.64421,3.253348,54.39086
0.03793794,-57.13693,-19.81404,76.95097,-56.51064,-19.41551,75.92616,-59.03639,-16.31417,75.35056,-56.98277,-11.44596,68.42873,-57.35353,-3.457269,60.81081,-38.97618,-18.14522,57.1214,-56.72251,1.235486,55.48702
0.03803804,-55.36274,-22.21618,77.57892,-54.75958,-21.79026,76.54985,-57.3117,-18.74012,76.05181,-55.5265,-13.68668,69.21318,-56.18162,-5.585992,61.76761,-37.63199,-19.86065,57.49263,-55.74398,-0.785652,56.52963
0.03813814,-53.52958,-24.60192,78.1315,-52.94906,-24.15,77.09906,-55.51613,-21.16231,76.67844,-54.01055,-15.91978,69.93034,-54.954,-7.710636,62.66464,-36.24951,-21.55857,57.80808,-54.70897,-2.808386,57.51736
0.03823824,-51.63465,-26.96719,78.60184,-51.07629,-26.49073,77.56702,-53.64665,-23.57698,77.22363,-52.43165,-18.14216,70.57381,-53.66727,-9.828667,63.49594,-34.82681,-23.23593,58.06274,-53.61369,-4.830885,58.44457
0.03833834,-49.68628,-29.31171,78.99799,-49.14967,-28.812,77.96167,-51.71351,-25.98179,77.6953,-50.79784,-20.35275,71.15059,-52.32862,-11.93885,64.26747,-33.36916,-24.89345,58.26261,-52.46524,-6.851348,59.31659
0.03843844,-47.68278,-31.63156,79.31435,-47.16754,-31.10993,78.27747,-49.71518,-28.37272,78.0879,-49.10701,-22.54842,71.65543,-50.93563,-14.03865,64.97428,-31.87529,-26.52835,58.40364,-51.26092,-8.86774,60.12866
0.03853854,-45.62608,-33.92382,79.54991,-45.13189,-33.38156,78.51345,-47.65446,-30.74597,78.40043,-47.36069,-24.72653,72.08722,-49.48922,-16.12585,65.61507,-30.34627,-28.13888,58.48515,-50.00142,-10.87803,60.87945
0.03863864,-43.52001,-36.18658,79.70659,-43.04662,-35.62488,78.67149,-45.53645,-33.09832,78.63477,-45.56239,-26.88504,72.44743,-47.99223,-18.19867,66.1909,-28.78444,-29.72418,58.50862,-48.6894,-12.88037,61.56977
0.03873874,-41.36939,-38.4192,79.7886,-40.91662,-37.83914,78.75576,-43.36728,-35.42781,78.79509,-43.71677,-29.02292,72.73969,-46.4487,-20.25614,66.70484,-27.19286,-31.28434,58.4772,-47.3289,-14.87343,62.20233
0.03883884,-39.17119,-40.61507,79.78626,-38.73893,-40.01778,78.75671,-41.14426,-37.72754,78.8718,-41.8201,-31.13488,72.95499,-44.85426,-22.29412,67.14838,-25.56928,-32.81457,58.38384,-45.91508,-16.85397,62.76905
0.03893894,-36.93238,-42.7749,79.70728,-36.52061,-42.16134,78.68195,-38.87604,-39.99649,78.87253,-39.87935,-33.22077,73.10012,-43.21515,-24.31231,67.52746,-23.91819,-34.31608,58.23427,-44.45427,-18.82104,63.27531
0.03903904,-34.65505,-44.89614,79.55119,-34.2638,-44.26721,78.53101,-36.5657,-42.23112,78.79681,-37.8963,-35.27817,73.17447,-41.53251,-26.30876,67.84128,-22.24082,-35.78738,58.02821,-42.94749,-20.77276,63.72025
0.03913914,-32.33946,-46.97324,79.3127,-31.96889,-46.3298,78.29868,-34.21451,-44.42492,78.63943,-35.87066,-37.30231,73.17297,-39.80515,-28.27969,68.08484,-20.53709,-37.22474,57.76183,-41.39318,-22.70584,64.09902
0.03923924,-29.99063,-49.00649,78.99712,-29.64094,-48.34927,77.99021,-31.82869,-46.57693,78.40562,-33.80739,-39.29287,73.10026,-38.03746,-30.22475,68.26221,-18.81035,-38.62875,57.43911,-39.79588,-24.61941,64.41529
0.03933934,-27.61058,-50.99209,78.60267,-27.28209,-50.32177,77.60386,-29.41142,-48.68221,78.09363,-31.70816,-41.24635,72.95451,-36.23027,-32.14114,68.37141,-17.06176,-39.99704,57.0588,-38.15616,-26.51089,64.66705
0.03943944,-25.20333,-52.92998,78.13332,-24.8964,-52.24712,77.14352,-26.96769,-50.73969,77.70738,-29.57697,-43.16222,72.73919,-34.38703,-34.02836,68.41539,-15.29395,-41.32993,56.62387,-36.47758,-28.37939,64.85697
0.03953954,-22.76938,-54.81274,77.58212,-22.4845,-54.11786,76.60236,-24.49922,-52.74078,77.24,-27.41359,-45.03403,72.44762,-32.50631,-35.88132,68.38763,-13.50708,-42.62228,56.12935,-34.75832,-30.2204,64.97871
0.03963964,-20.31479,-56.64547,76.96027,-20.05247,-55.93897,75.99143,-22.0127,-54.68985,76.70255,-25.2246,-46.86544,72.09004,-30.59473,-37.70277,68.29749,-11.70531,-43.87813,55.58344,-33.00535,-32.03571,65.04106
0.03973974,-17.83902,-58.41634,76.25536,-17.5999,-57.69861,75.29851,-19.50905,-56.5737,76.08275,-23.0083,-48.64633,71.65462,-28.64883,-39.4847,68.13353,-9.888062,-45.08915,54.97721,-31.21464,-33.81828,65.03293
0.03983984,-15.34803,-60.13241,75.48044,-15.13274,-59.4037,74.53645,-16.99444,-58.39904,75.39349,-20.77137,-50.38201,71.15337,-26.67567,-41.23117,67.90685,-8.059537,-46.26067,54.32021,-29.3937,-35.57111,64.96481
0.03993994,-12.84333,-61.78753,74.63086,-12.65259,-61.04807,73.70066,-14.4714,-60.15873,74.63013,-18.51473,-52.067,70.58173,-24.67509,-42.93776,67.61285,-6.220729,-47.38842,53.60915,-27.54207,-37.2901,64.83217
0.04004004,-10.32762,-63.37713,73.70475,-10.16224,-62.62709,72.78933,-11.94355,-61.84724,73.79079,-16.24068,-53.69701,69.93768,-22.64838,-44.60094,67.24932,-4.373471,-48.46931,52.84278,-25.66092,-38.97182,64.63273
0.04014014,-7.804314,-64.90103,72.70535,-7.665108,-64.14053,71.80563,-9.414728,-63.46393,72.87865,-13.95265,-55.27143,69.22408,-20.59862,-46.22008,66.8187,-2.520185,-49.50334,52.02352,-23.75333,-40.61536,64.3687
0.04024024,-5.276452,-66.36054,71.63699,-5.164229,-65.58965,70.75388,-6.888053,-65.00993,71.89799,-11.65383,-56.79099,68.44482,-18.5289,-47.79559,66.32449,-0.6631146,-50.49149,51.1546,-21.82257,-42.22073,64.0433
0.04034034,-2.746559,-67.7517,70.49826,-2.662175,-66.97045,69.63262,-4.366624,-66.48067,70.84729,-9.346391,-58.25193,67.59831,-16.44061,-49.32428,65.76489,1.195906,-51.43098,50.23508,-19.86986,-43.78482,63.65467
0.04044044,-0.2176481,-69.0694,69.28705,-0.1620068,-68.27782,68.43983,-1.85405,-67.87039,69.72444,-7.03288,-59.64944,66.68233,-14.33533,-50.8021,65.13743,3.054636,-52.3182,49.26357,-17.89655,-45.30372,63.20027
0.04054054,2.307526,-70.3164,68.00887,2.333575,-69.51449,67.18092,0.6472698,-69.18211,68.53484,-4.716346,-60.98554,65.70189,-12.21632,-52.23041,64.44673,4.910973,-53.15509,48.24412,-15.90613,-46.77829,62.68442
0.04064064,4.82638,-71.49077,66.66439,4.821991,-70.67854,65.85655,3.134706,-70.41377,67.27907,-2.399224,-62.25821,64.65743,-10.08562,-53.60733,63.69295,6.762946,-53.94024,47.17729,-13.90054,-48.20661,62.10715
0.04074074,7.336663,-72.59353,65.25687,7.301048,-71.77098,64.46993,5.60637,-71.56664,65.96027,-0.08382226,-63.46801,63.55184,-7.945631,-54.93307,62.8787,8.608671,-54.67424,46.06557,-11.88225,-49.58859,61.47084
0.04084084,9.834417,-73.615,63.78058,9.766728,-72.78216,63.01543,8.057702,-72.63037,64.57267,2.226772,-64.6061,62.37933,-5.797863,-56.20005,61.99791,10.44514,-55.35013,44.90499,-9.852354,-50.91706,60.76942
0.04094094,12.31858,-74.56279,62.24421,12.21811,-73.7197,61.50159,10.48882,-73.61362,63.12479,4.530801,-65.67886,61.14806,-3.645253,-57.4132,61.05846,12.27135,-55.97318,43.70183,-7.814127,-52.19631,60.01044
0.04104104,14.78592,-75.43198,60.64606,14.65198,-74.57872,59.92674,12.8966,-74.51143,61.61483,6.825521,-66.68165,59.85612,-1.489807,-58.56833,60.05814,14.08464,-56.53971,42.45507,-5.769353,-53.42222,59.19157
0.04114114,17.23453,-76.22378,58.98924,17.06651,-75.36047,58.29395,15.27984,-75.32563,60.04579,9.108905,-67.61524,58.50633,0.6662155,-59.6657,58.99949,15.88347,-57.05045,41.16698,-3.720313,-54.59486,58.31518
0.04124124,19.66159,-76.93543,57.27384,19.45895,-76.06224,56.60329,17.63623,-76.05386,58.41763,11.37841,-68.4769,57.09849,2.8206,-60.70261,57.88201,17.66544,-57.50321,39.83778,-1.669078,-55.71151,57.38059
0.04134134,22.06475,-77.56635,55.5016,21.82703,-76.68353,54.85649,19.96421,-76.69615,56.73194,13.63179,-69.26582,55.63403,4.971054,-61.67792,56.70686,19.42851,-57.89737,38.46885,0.3821304,-56.77092,56.38879
0.04144144,24.44173,-78.11598,53.67426,24.16859,-77.22383,53.05524,22.26237,-77.25268,54.99031,15.86688,-69.98125,54.11438,7.115322,-62.59051,55.47519,21.17075,-58.23228,37.06154,2.431156,-57.77189,55.34074
0.04154154,26.79049,-78.58438,51.79389,26.48168,-77.68327,51.2016,24.5296,-77.7243,53.1947,18.08167,-70.62299,52.54132,9.2512,-63.4397,54.1885,22.89032,-58.50778,35.61745,4.475854,-58.71361,54.23776
0.04164164,29.10986,-78.97366,49.8638,28.76525,-78.06406,49.2988,26.76577,-78.11404,51.34827,20.27485,-71.19272,50.91787,11.37685,-64.22645,52.8496,24.58614,-58.72517,34.13902,6.514353,-59.59683,53.08248
0.04174174,31.39782,-79.28326,47.88544,31.0174,-78.36569,47.34829,28.9698,-78.42214,49.45234,22.44456,-71.68975,49.24519,13.49024,-64.94966,51.45942,26.25639,-58.88382,32.62743,8.544738,-60.42039,51.87565
0.04184184,33.65049,-79.50851,45.85802,33.23438,-78.58364,45.34926,31.1389,-78.64478,47.50587,24.58746,-72.10958,47.52212,15.58841,-65.60481,50.0164,27.89772,-58.98004,31.08232,10.56442,-61.17992,50.6155
0.04194194,35.86655,-79.65124,43.78468,35.415,-78.7198,43.30481,33.27296,-78.78484,45.51188,26.70218,-72.45367,45.7515,17.66942,-66.19255,48.52313,29.5089,-59.01491,29.50601,12.57146,-61.87591,49.30445
0.04204204,38.04808,-79.7197,41.67162,37.56141,-78.78247,41.22106,35.37483,-78.85142,43.47659,28.79002,-72.72946,43.93944,19.7332,-66.71899,46.98579,31.09151,-58.99438,27.90287,14.56547,-62.51403,47.94857
0.04214214,40.18694,-79.70091,39.51397,39.66571,-78.75888,39.09317,37.43806,-78.83273,41.39466,30.84437,-72.92478,42.08041,21.77446,-67.17258,45.39812,32.63866,-58.90851,26.26985,16.54204,-63.08329,46.54125
0.04224224,42.28756,-79.60748,37.31992,41.73237,-78.6616,36.92923,39.46757,-78.742,39.27444,32.86845,-73.0511,40.18265,23.79451,-67.5631,43.7686,34.15392,-58.76654,24.61263,18.50188,-63.59285,45.09097
0.04234234,44.34389,-79.43141,35.08752,43.75555,-78.48285,34.7273,41.45897,-78.57257,37.11361,34.85721,-73.10088,38.24367,25.78892,-67.88304,42.09412,35.63213,-58.56226,22.93014,20.44123,-64.03554,43.59431
0.04244244,46.35708,-79.17826,32.82117,45.73647,-78.2282,32.49172,43.41407,-78.33063,34.91655,36.81138,-73.07911,36.26773,27.75742,-68.13638,40.37896,37.0742,-58.29968,21.22549,22.3596,-64.41505,42.05545
0.04254254,48.32518,-78.84788,30.52269,47.67332,-77.89761,30.22428,45.332,-78.01698,32.68497,38.72916,-72.98552,34.25637,29.69787,-68.32224,38.62437,38.47847,-57.97852,19.50005,24.25509,-64.73052,40.47544
0.04264264,50.24651,-78.4406,28.19409,49.56455,-77.4915,27.92695,47.21207,-77.63275,30.42069,40.60902,-72.82028,32.21126,31.60837,-68.44017,36.8318,39.84348,-57.5989,17.75541,26.12591,-64.98145,38.85554
0.04274274,52.1173,-77.95359,25.83629,51.40657,-77.00719,25.60062,49.05192,-77.17629,28.12437,42.44774,-72.58059,30.13285,33.48561,-68.48687,35.00126,41.16604,-57.15852,15.99248,27.96918,-65.16469,37.1955
0.04284284,53.93845,-77.39143,23.45299,53.20035,-76.44929,23.24894,50.85289,-76.65257,25.79969,44.24587,-72.27058,28.0247,35.32934,-68.46567,33.13632,42.4469,-56.6608,14.21391,29.78452,-65.2833,35.49878
0.04294294,55.71199,-76.7599,21.04791,54.94791,-75.82351,20.8756,52.61696,-76.06747,23.45051,46.00492,-71.89555,25.89062,37.14024,-68.38112,31.24087,43.68787,-56.11007,12.4222,31.57236,-65.34165,33.76929
0.04304304,57.42799,-76.04779,18.6198,56.63969,-75.119,18.47931,54.33683,-75.41177,21.07495,47.71659,-71.44488,23.72829,38.91066,-68.2222,29.31154,44.88074,-55.49772,10.61698,33.32612,-65.32917,32.00305
0.04314314,59.09513,-75.26991,16.17478,58.28414,-74.3503,16.06615,56.01939,-74.69902,18.67963,49.38787,-70.93234,21.54447,40.64606,-68.00194,27.35588,46.03288,-54.83507,8.80219,35.05031,-65.25826,30.20795
0.04324324,60.70317,-74.41549,13.71232,59.87139,-73.50697,13.63558,57.65699,-73.92041,16.26343,51.01015,-70.34769,19.33754,42.33841,-67.70956,25.37116,47.13594,-54.11392,6.977982,36.73798,-65.11861,28.38062
0.04334334,62.25756,-73.49426,11.23669,61.40675,-72.59856,11.19181,59.25381,-73.08472,13.83091,52.58783,-69.69997,17.11215,43.99111,-67.35361,23.3625,48.19463,-53.34175,5.147124,38.39192,-64.9183,26.52639
0.04344345,63.75303,-72.50249,8.749465,62.88512,-71.6215,8.736375,60.80576,-72.18913,11.38337,54.11634,-68.98555,14.8692,45.59967,-66.92987,21.3302,49.20483,-52.51582,3.310989,40.00816,-64.65333,24.64517
0.04354354,65.18958,-71.44289,6.253312,64.30653,-70.57846,6.271933,62.31261,-71.23613,8.923514,55.59556,-68.20685,12.61129,47.16356,-66.44033,19.27677,50.16686,-51.63829,1.471422,41.58614,-64.32551,22.73936
0.04364364,66.56841,-70.31926,3.750845,65.67211,-69.47317,3.801053,63.77503,-70.22904,6.454009,57.02633,-67.36732,10.34098,48.68326,-65.88812,17.20486,51.0819,-50.71223,-0.3696775,43.12616,-63.93779,20.81163
0.04374374,67.88635,-69.13058,1.244226,66.97881,-68.30466,1.32586,65.19023,-69.16708,3.976853,58.40586,-66.46584,8.05998,50.15591,-65.27171,15.11579,51.94765,-49.73707,-2.210577,44.62562,-63.48864,18.86302
0.04384384,69.14136,-67.87733,-1.264033,68.22459,-67.07343,-1.151164,66.55607,-68.05059,1.49452,59.73224,-65.50273,5.770493,51.5795,-64.59097,13.01147,52.76283,-48.71339,-4.049441,46.08268,-62.97792,16.89524
0.04394395,70.33224,-66.56086,-3.771383,69.40829,-65.78079,-3.627499,67.87096,-66.88053,-0.9904311,61.00431,-64.47917,3.47486,52.95274,-63.84679,10.89405,53.52694,-47.64248,-5.884459,47.49606,-62.40636,14.9103
0.04404404,71.45917,-65.18379,-6.275371,70.53,-64.42928,-6.100713,69.13425,-65.65878,-3.475469,62.22203,-63.39749,1.175461,54.27542,-63.04128,8.765861,54.24048,-46.52655,-7.713923,48.86546,-61.77595,12.91049
0.04414414,72.52029,-63.7468,-8.773488,71.58787,-63.01954,-8.568332,70.34363,-64.38552,-5.958108,63.38365,-62.25817,-1.125479,55.5458,-62.17469,6.628892,54.90243,-45.36645,-9.535977,50.18922,-61.08682,10.89761
0.04424424,73.51413,-62.25092,-11.26321,72.58039,-61.55254,-11.02785,71.49692,-63.06111,-8.435804,64.48771,-61.06204,-3.425667,56.76244,-61.24766,4.485221,55.51208,-44.16327,-11.34881,51.46591,-60.33949,8.873582
0.04434434,74.43938,-60.69749,-13.7419,73.50622,-60.02954,-13.47668,72.59196,-61.68606,-10.90591,65.53288,-59.81018,-5.722702,57.92406,-60.26113,2.337067,56.06889,-42.9184,-13.1505,52.69425,-59.53475,6.840504
0.04444445,75.29735,-59.08968,-16.20767,74.36652,-58.4536,-15.91292,73.62888,-60.26251,-13.36637,66.52007,-58.50548,-8.014588,59.03153,-59.21806,0.1865299,56.5743,-41.6345,-14.9398,53.87483,-58.67534,4.800514
0.04454454,76.08651,-57.42846,-18.65805,75.15973,-56.82558,-18.33415,74.60521,-58.79052,-15.8147,67.44775,-57.14865,-10.2991,60.08346,-58.1191,-1.964362,57.02756,-40.3127,-16.71486,55.00624,-57.76175,2.755507
0.04464465,76.80159,-55.71204,-21.08955,75.88058,-55.14367,-20.73691,75.51506,-57.26754,-18.24752,68.31113,-55.73773,-12.57341,61.07543,-56.96203,-4.113398,57.42521,-38.95218,-18.47303,56.08439,-56.79169,0.7072981
0.04474474,77.4458,-53.94505,-23.50075,76.5321,-53.41231,-23.11979,76.35999,-55.69683,-20.66316,69.11274,-54.277,-14.83574,62.00992,-55.75142,-6.258494,57.77014,-37.55663,-20.21351,57.11126,-55.76942,-1.34184
0.04484484,78.01789,-52.12856,-25.88933,77.11296,-51.63247,-25.48049,77.13766,-54.07843,-23.05923,69.85126,-52.7673,-17.08395,62.88581,-54.48814,-8.397672,58.06187,-36.12725,-21.93462,58.08565,-54.69562,-3.390031
0.04494495,78.51307,-50.26156,-28.25151,77.61832,-49.80305,-27.81527,77.84215,-52.41013,-25.43202,70.52219,-51.20732,-19.31487,63.6991,-53.17078,-10.52831,58.29738,-34.66387,-23.6335,59.00375,-53.56873,-5.435019
0.04504504,78.93843,-48.35051,-30.58792,78.05503,-47.9303,-30.12473,78.47903,-50.69726,-27.78176,71.13155,-49.60326,-21.52829,64.45551,-51.80606,-12.64944,58.48225,-33.17128,-25.31097,59.87048,-52.39513,-7.475343
0.04514515,79.28069,-46.38931,-32.89138,78.40988,-46.0081,-32.40178,79.0339,-48.93225,-30.10165,71.66729,-47.94865,-23.71864,65.1441,-50.3871,-14.757,58.60735,-31.64598,-26.96137,60.67572,-51.16782,-9.507895
0.04524525,79.55176,-44.38707,-35.16469,78.6945,-44.04532,-34.64917,79.51723,-47.12333,-32.39391,72.13969,-46.25238,-25.8873,65.77456,-48.9235,-16.85105,58.68167,-30.09439,-28.58729,61.42798,-49.89607,-11.53191
0.04534534,79.74088,-42.33954,-37.40133,78.89811,-42.03764,-36.86047,79.91689,-45.26461,-34.65228,72.53886,-44.5098,-28.02905,66.338,-47.41039,-18.92761,58.69795,-28.5143,-30.18365,62.11893,-48.57476,-13.54417
0.04544545,79.85552,-40.25276,-39.60276,79.02799,-39.99092,-39.03707,80.23922,-43.36137,-36.87785,72.87117,-42.7267,-30.14447,66.84048,-45.85406,-20.98641,58.66186,-26.91004,-31.75182,62.75384,-47.20996,-15.54388
0.04554554,79.88956,-38.12535,-41.76421,79.07794,-37.90365,-41.17429,80.47663,-41.41071,-39.06593,73.13085,-40.90132,-32.22953,67.27689,-44.25275,-23.02414,58.56945,-25.2812,-33.28825,63.32777,-45.79959,-17.52818
0.04564565,79.84599,-35.9607,-43.88529,79.05082,-35.7791,-43.27171,80.63108,-39.41518,-41.2159,73.32027,-39.0368,-34.28347,67.64963,-42.60992,-25.03971,58.42316,-23.63036,-34.7928,63.84263,-44.34686,-19.49577
0.04574575,79.71904,-33.75798,-45.96105,78.94073,-33.61628,-45.32445,80.69517,-37.37228,-43.32288,73.43384,-37.13179,-36.30204,67.95383,-40.92427,-27.02955,58.21928,-21.95753,-36.26175,64.29362,-42.85013,-21.44349
0.04584585,79.51691,-31.5227,-47.99422,78.75578,-31.4206,-47.33517,80.67678,-35.28752,-45.38926,73.47874,-35.19175,-38.28699,68.19614,-39.20167,-28.99448,57.96379,-20.26637,-37.69741,64.6867,-41.31512,-23.37158
0.04594595,79.23196,-29.25331,-49.97865,78.48819,-29.19037,-49.29782,80.56649,-33.15749,-47.409,73.44764,-33.21453,-40.23311,68.37012,-37.43997,-30.93016,57.65163,-18.55651,-39.09512,65.01553,-39.73928,-25.27626
0.04604604,78.86298,-26.95139,-51.91159,78.13666,-26.92702,-51.20964,80.36189,-30.98263,-49.37925,73.33908,-31.20131,-42.13777,68.47464,-35.64051,-32.83414,57.28228,-16.82939,-40.45289,65.27872,-38.12358,-27.15515
0.04614615,78.41549,-24.62091,-53.79457,77.70661,-24.63446,-53.07215,80.06834,-28.76699,-51.30135,73.15781,-29.15594,-44.00187,68.51408,-33.8074,-34.70668,56.85966,-15.08754,-41.77213,65.48016,-36.47201,-29.00814
0.04624625,77.884,-22.26183,-55.62217,77.19247,-22.31248,-54.87999,79.67885,-26.50898,-53.16987,72.8984,-27.07778,-45.82062,68.48367,-31.94001,-36.54365,56.38021,-13.33144,-43.04877,65.61499,-34.78349,-30.8315
0.04634635,77.27434,-19.87796,-57.39637,76.59997,-19.96487,-56.6351,79.19936,-24.21274,-54.98662,72.56591,-24.97055,-47.59535,68.38801,-30.04229,-38.34572,55.84797,-11.56351,-44.28446,65.68734,-33.06185,-32.6255
0.04644645,76.58541,-17.47071,-59.11471,75.92796,-17.59292,-58.33503,78.62809,-21.87901,-56.74909,72.15901,-22.83529,-49.32372,68.22597,-28.11529,-40.11068,55.26231,-9.78491,-45.47741,65.69585,-31.30785,-34.388
0.04654654,75.811,-15.0404,-60.7706,75.1701,-15.19681,-59.9733,77.95724,-19.50649,-58.45075,71.67148,-20.67154,-50.99994,67.992,-26.15851,-41.83349,54.6191,-7.996386,-46.62272,65.63487,-29.52043,-36.11444
0.04664665,74.95734,-12.59081,-62.36653,74.33264,-12.7803,-61.55234,77.19366,-17.09975,-60.09391,71.10884,-18.48308,-52.62576,67.69101,-24.17581,-43.5152,53.92257,-6.200159,-47.72241,65.50884,-27.7034,-37.80544
0.04674675,74.02205,-10.12344,-63.89861,73.41311,-10.34481,-63.0683,76.3343,-14.65962,-61.67467,70.46847,-16.27087,-54.1976,67.32059,-22.16806,-45.15253,53.17107,-4.397401,-48.77367,65.31516,-25.85724,-39.45791
0.04684685,73.01203,-7.641741,-65.37029,72.41843,-7.893833,-64.5246,75.38705,-12.19071,-63.19635,69.75662,-14.0385,-55.71813,66.88623,-20.13888,-46.74735,52.36924,-2.590057,-49.77918,65.05891,-23.98563,-41.07328
0.04694695,71.92434,-5.147124,-66.77721,71.34559,-5.428678,-65.91691,74.34831,-9.693724,-64.65459,68.97013,-11.78675,-57.18338,66.38499,-18.0889,-48.29609,51.51504,-0.7793381,-50.7357,64.73696,-22.08878,-42.64817
0.04704705,70.76568,-2.642521,-68.12316,70.20132,-2.952346,-67.24898,73.22591,-7.172868,-66.05305,68.11514,-9.518774,-58.59636,65.82224,-16.02126,-49.80098,50.61295,1.033175,-51.64613,64.35437,-20.16997,-44.1844
0.04714715,69.52074,-0.1284847,-69.39226,68.97021,-0.4650952,-68.50512,72.00191,-4.625829,-67.37609,67.17645,-7.233305,-59.94315,65.18409,-13.93413,-51.24996,49.65249,2.84613,-52.49862,63.89716,-18.22612,-45.67104
0.04724725,68.20782,2.390811,-70.59863,67.67068,2.028608,-69.69929,70.69804,-2.060511,-68.63754,66.17151,-4.935835,-61.23567,64.486,-11.83318,-52.65281,48.64591,4.657995,-53.30391,63.38037,-16.26379,-47.11658
0.04734735,66.81522,4.913637,-71.72886,66.29097,4.527253,-70.81822,69.30092,0.5232548,-69.82417,65.08854,-2.626491,-62.46205,63.71699,-9.717886,-53.9991,47.58508,6.466928,-54.05201,62.79288,-14.28136,-48.51152
0.04744745,65.3545,7.437016,-72.79151,64.84274,7.027664,-71.8704,67.82443,3.119957,-70.94439,63.93851,-0.3090422,-63.62947,62.88669,-7.59201,-55.29468,46.47765,8.271791,-54.74944,62.14407,-12.28316,-49.8609
0.04754755,63.82315,9.958452,-73.78161,63.32348,9.527395,-72.85088,66.2661,5.727152,-71.99325,62.71862,2.014735,-64.73336,61.99217,-5.456861,-56.53531,45.32174,10.07078,-55.39253,61.43076,-10.27001,-51.16075
0.04764765,62.22076,12.47516,-74.69592,61.73283,12.02366,-73.75648,64.62595,8.341619,-72.96757,61.42807,4.342574,-65.77065,61.03228,-3.314228,-57.71806,44.11686,11.86205,-55.9789,60.65161,-8.243403,-52.4082
0.04774775,60.55555,14.98508,-75.54063,60.07907,14.51427,-74.59334,62.91401,10.9594,-73.87341,60.07471,6.671847,-66.74655,60.01385,-1.166677,-58.84718,42.86847,13.64479,-56.51326,59.81328,-6.206311,-53.60697
0.04784785,58.81979,17.48407,-76.30386,58.35454,16.99516,-75.3497,61.12231,13.57681,-74.69911,58.65044,8.999917,-67.65036,58.92875,0.9842226,-59.91297,41.57091,15.41592,-56.98682,58.90737,-4.159332,-54.74804
0.04794795,57.02492,19.9709,-76.99581,56.57076,19.46489,-76.03564,59.26448,16.19019,-75.45467,57.1664,11.32445,-68.49085,57.78688,3.135992,-60.92288,40.23188,17.17538,-57.40726,57.94373,-2.105699,-55.83803
0.04804805,55.16607,22.44124,-77.60732,54.72293,21.91919,-76.64212,57.33599,18.79508,-76.13107,55.61732,13.64234,-69.25967,56.58265,5.28657,-61.86922,38.84771,18.92012,-57.76783,56.91649,-0.04672533,-56.86977
0.04814815,53.25273,24.89435,-78.14708,52.82062,24.35712,-77.17774,55.34811,21.38879,-76.7369,54.01248,15.95189,-69.96437,55.32434,7.434101,-62.75844,37.42482,20.65022,-58.07505,55.83394,2.015049,-57.84899
0.04824825,51.28212,27.32604,-78.60816,50.86115,26.7745,-77.63565,53.29874,23.96657,-77.26532,52.34869,18.24985,-70.59853,54.00823,9.576319,-63.58455,35.96101,22.36282,-58.32383,54.69212,4.077939,-58.77006
0.04834835,49.25517,29.7324,-78.98756,48.84553,29.16736,-78.01289,51.19004,26.52336,-77.71339,50.62648,20.53276,-71.15924,52.634,11.71061,-64.3446,34.45658,24.05544,-58.51202,53.49054,6.139544,-59.63008
0.04844845,47.17883,32.11268,-79.2915,46.7808,31.53482,-78.31562,49.03034,29.05691,-78.08724,48.85268,22.79919,-71.65187,51.20769,13.8355,-65.04318,32.91628,25.72803,-58.64431,52.23524,8.197901,-60.43315
0.04854855,45.05459,34.46389,-79.51848,44.66854,33.87379,-78.54234,46.82221,31.56318,-78.38539,47.02849,25.04639,-72.07487,49.72977,15.94885,-65.67862,31.34094,27.37869,-58.71963,50.9266,10.25097,-61.17757
0.04864865,42.88144,36.78046,-79.66189,42.50787,36.17868,-78.68655,44.56591,34.03545,-78.60136,45.15237,27.26968,-72.42205,48.1977,18.04729,-66.24499,29.72948,29.0037,-58.73319,49.56182,12.29586,-61.85768
0.04874875,40.66652,39.0628,-79.72932,40.30598,38.44976,-78.75574,42.26966,36.47295,-78.74261,43.23149,29.46858,-72.70007,46.61806,20.13003,-66.74809,28.08694,30.60372,-58.69065,48.14758,14.33116,-62.47874
0.04884885,38.41214,41.30838,-79.72051,38.06525,40.68442,-78.74967,39.93676,38.87214,-78.80889,41.26791,31.6406,-72.90852,44.99219,22.19511,-67.18729,26.41475,32.17715,-58.5919,46.68517,16.35487,-63.04004
0.04894895,36.11701,43.51,-79.62701,35.78455,42.87542,-78.65998,37.56743,41.22444,-78.79187,39.25972,33.77971,-73.03943,43.31689,24.2381,-67.55499,24.71169,33.71909,-58.43078,45.17109,18.3632,-63.53429
0.04904905,33.78928,45.67106,-79.46034,33.47203,45.02604,-78.49807,35.17022,43.53269,-78.70291,37.2154,35.8878,-73.1032,41.60054,26.25993,-67.86047,22.98365,35.2322,-58.21585,43.61399,20.35611,-63.9701
0.04914915,31.42808,47.78456,-79.21264,31.12694,47.12923,-78.25617,32.74561,45.7886,-78.53421,35.13339,37.95896,-73.09235,39.84038,28.25623,-68.09661,21.22981,36.71159,-57.9414,42.01081,22.32978,-64.3406
0.04924925,29.03696,49.84835,-78.88531,28.7529,49.18277,-77.93567,30.2981,47.98908,-78.28718,33.01714,39.99086,-73.008,38.03907,30.22503,-68.2641,19.45261,38.15594,-57.60855,40.36422,24.28209,-64.64632
0.04934935,26.61923,51.86043,-78.47967,26.35329,51.18458,-77.53787,27.83168,50.13139,-77.96307,30.86979,41.98133,-72.85111,36.19915,32.16445,-68.36359,17.65439,39.56396,-57.21835,38.67674,26.21098,-64.88772
0.04944945,24.17896,53.82148,-78.00043,23.93215,53.13531,-77.06745,25.35059,52.21594,-77.56653,28.69547,43.93044,-72.6259,34.32454,34.07425,-68.39878,15.83819,40.93616,-56.77435,36.9524,28.11577,-65.06817
0.04954955,21.71692,55.72432,-77.44124,21.4904,55.02771,-76.5181,22.85695,54.23426,-77.09121,26.49437,45.83185,-72.32622,32.41407,35.94954,-68.36362,14.00442,42.26754,-56.27196,35.18977,29.99204,-65.18181
0.04964965,19.237,57.56892,-76.80592,19.03192,56.86172,-75.89364,20.35477,56.1861,-76.54087,24.27038,47.68504,-71.95542,30.47139,37.7896,-68.26099,12.15603,43.55806,-55.71409,33.39256,31.83866,-65.23122
0.04974975,16.74253,59.35612,-76.09865,16.56,58.63816,-75.19815,17.84728,58.0723,-75.91958,22.02693,49.49029,-71.51723,28.49987,39.59431,-68.09418,10.29558,44.8083,-55.10387,31.56425,33.65518,-65.21943
0.04984985,14.23471,61.07613,-75.31084,14.076,60.34719,-74.42319,15.33716,59.88164,-75.2188,19.7644,51.23894,-71.00334,26.49811,41.35691,-67.85502,8.423858,46.0113,-54.43516,29.70309,35.4354,-65.13848
0.04994995,11.71764,62.73296,-74.4506,11.58391,61.99282,-73.57674,12.82768,61.61877,-74.44645,17.48724,52.93392,-70.42116,24.47112,43.07918,-67.5503,6.544137,47.1698,-53.71394,27.81428,37.18044,-64.99472
0.05005005,9.193885,64.32768,-73.52157,9.086257,63.57612,-72.66238,10.32106,63.28499,-73.60605,15.19813,54.57576,-69.7739,22.42165,44.76126,-67.18291,4.658528,48.28455,-52.94308,25.90068,38.89013,-64.79081
0.05015015,6.665613,65.85112,-72.51674,6.585284,65.08794,-71.67323,7.820415,64.87022,-72.69063,12.89838,56.15637,-69.05476,20.34949,46.3965,-66.74599,2.768685,49.34868,-52.11737,23.9617,40.55829,-64.51999
0.05025025,4.135767,67.30452,-71.44028,4.083876,66.5295,-70.61337,5.328139,66.37609,-71.70423,10.59111,57.67633,-68.26745,18.25788,47.98499,-66.24287,0.8769888,50.36308,-51.24007,22.00069,42.18465,-64.18533
0.05035035,1.60694,68.68687,-70.29382,1.584574,67.89984,-69.48441,2.846406,67.80192,-70.64832,8.278832,59.13443,-67.41326,16.1492,49.52534,-65.67454,-1.014399,51.32684,-50.31244,20.01997,43.7677,-63.78766
0.05045045,-0.9183138,69.9963,-69.07798,-0.9101139,69.19711,-68.28699,0.3773987,69.14606,-69.52346,5.963909,60.52869,-66.49261,14.02556,51.01558,-65.04113,-2.903331,52.23841,-49.33508,18.02158,45.30537,-63.32695
0.05055055,-3.437459,71.23129,-67.79384,-3.397714,70.41984,-67.02212,-2.076858,70.40742,-68.33056,3.648725,61.8575,-65.50623,11.88918,52.45395,-64.34313,-4.787639,53.0965,-48.30886,16.0077,46.79583,-62.80353
0.05065065,-5.948162,72.39167,-66.44351,-5.875979,71.56789,-65.69191,-4.514756,71.58636,-67.07161,1.335564,63.12038,-64.45594,9.742451,53.8396,-63.58205,-6.665308,53.90075,-47.23544,13.98065,48.23807,-62.21872
0.05075075,-8.447811,73.47472,-65.0269,-8.34236,72.63862,-64.29626,-6.934234,72.68063,-65.74639,-0.9732394,64.31465,-63.34141,7.587413,55.16988,-62.75729,-8.534068,54.64895,-46.11488,11.94234,49.62943,-61.57177
0.05085085,-10.93467,74.48292,-63.54824,-10.79525,73.63458,-62.83934,-9.334635,73.69363,-64.35899,-3.275784,65.44227,-62.16649,5.426559,56.44587,-61.87243,-10.39236,55.34266,-44.9503,9.895315,50.9707,-60.86602
0.05095095,-13.40579,75.41155,-62.00576,-13.23175,74.55112,-61.31937,-11.71354,74.62103,-62.90748,-5.56959,66.49877,-60.92918,3.261823,57.66338,-60.9252,-12.2376,55.97818,-43.74058,7.841259,52.25784,-60.09909
0.05105105,-15.85922,76.26142,-60.4022,-15.65004,75.38911,-59.73907,-14.07008,75.46452,-61.39445,-7.852719,67.48462,-59.6319,1.09552,58.82224,-59.91776,-14.06798,56.55581,-42.48784,5.78245,53.49052,-59.27297
0.05115115,-18.2928,77.03188,-58.73908,-18.04806,76.148,-58.09994,-16.40305,76.22432,-59.82127,-10.12315,68.39902,-58.27588,-1.070164,59.92122,-58.85105,-15.88157,57.07484,-41.19327,3.720955,54.66745,-58.3884
0.05125125,-20.70447,77.72267,-57.0182,-20.4239,76.82761,-56.40372,-18.71146,76.90105,-58.18959,-12.37893,69.24152,-56.86259,-3.233047,60.95935,-57.7263,-17.67652,57.5348,-39.85828,1.658852,55.78757,-57.44642
0.05135135,-23.09232,78.33377,-55.24145,-22.77574,77.42802,-54.65229,-20.99444,77.49558,-56.50114,-14.61826,70.0119,-55.39364,-5.391004,61.93586,-56.54485,-19.45107,57.93542,-38.48435,-0.4018411,56.85003,-56.44818
0.05145145,-25.45436,78.86483,-53.41047,-25.10173,77.94897,-52.84724,-23.25109,78.0085,-54.75741,-16.83929,70.70965,-53.87036,-7.54194,62.84972,-55.30778,-21.20341,58.27618,-37.07277,-2.459157,57.85376,-55.3946
0.05155155,-27.78836,79.3148,-51.52644,-27.39976,78.38951,-50.98975,-25.48027,78.43968,-52.95942,-19.04,71.33364,-52.29364,-9.68364,63.69934,-54.01569,-22.93152,58.55607,-35.62455,-4.511065,58.79716,-54.28609
0.05165165,-30.09414,79.6881,-49.59396,-29.66978,78.75412,-49.08434,-27.68278,78.79444,-51.11166,-21.21993,71.88773,-50.6678,-11.81473,64.48752,-52.67278,-24.6352,58.77817,-34.14297,-6.556108,59.68276,-53.12666
0.05175175,-32.36719,79.97767,-47.61049,-31.90742,79.03589,-47.12847,-29.85539,79.0667,-49.21132,-23.3754,72.3653,-48.98991,-13.9321,65.2078,-51.2757,-26.31043,58.93694,-32.62651,-8.591652,60.50443,-51.91277
0.05185185,-34.60674,80.18653,-45.57978,-34.11205,79.23792,-45.12587,-31.99836,79.26042,-47.26206,-25.5055,72.76897,-47.26347,-16.03408,65.86184,-49.82775,-27.95653,59.03444,-31.0779,-10.61606,61.26362,-50.64756
0.05195195,-36.81151,80.31593,-43.50443,-36.28249,79.36156,-43.07907,-34.11139,79.37772,-45.26633,-27.60896,73.09973,-45.49077,-18.1189,66.44991,-48.33101,-29.57235,59.07144,-29.49909,-12.62766,61.96053,-49.33287
0.05205205,-38.97968,80.36591,-41.38623,-38.41705,79.40689,-40.98983,-36.19364,79.41944,-43.2258,-29.68414,73.35747,-43.67332,-20.18456,66.9713,-46.78674,-31.15633,59.0478,-27.89147,-14.62461,62.59443,-47.96982
0.05215215,-41.10946,80.33653,-39.22708,-40.51408,79.37412,-38.86005,-38.2443,79.38651,-41.14222,-31.72942,73.54214,-41.81272,-22.22908,67.42536,-45.19628,-32.70692,58.96344,-26.25652,-16.60508,63.16466,-46.55958
0.05225225,-43.19724,80.22462,-37.02737,-42.57013,79.26019,-36.69006,-40.26103,79.27676,-39.01573,-33.74173,73.65064,-39.90892,-24.24939,67.80856,-43.55918,-34.22109,58.81578,-24.59469,-18.56641,63.66781,-45.1014
0.05235235,-45.2451,80.03781,-34.79271,-44.58728,79.07269,-34.48542,-42.24597,79.098,-36.85202,-35.72247,73.68993,-37.96746,-26.24574,68.1268,-41.88105,-35.70069,58.6106,-22.90991,-20.50857,64.10943,-43.60086
0.05245245,-47.24943,79.77271,-32.52327,-46.56208,78.80836,-32.24628,-44.19666,78.84769,-34.65103,-37.66863,73.65672,-35.9881,-28.21519,68.37644,-40.16126,-37.14268,58.34521,-21.20252,-22.42897,64.48605,-42.05707
0.05255255,-49.20931,79.43118,-30.22186,-48.49371,78.46912,-29.97541,-46.11271,78.52821,-32.4155,-39.57925,73.55264,-33.97339,-30.15628,68.55846,-38.40218,-38.54643,58.02101,-19.47458,-24.32627,64.7985,-40.47223
0.05265265,-51.12035,79.00925,-27.8889,-50.37793,78.05113,-27.67321,-47.9909,78.13647,-30.14557,-41.45063,73.37388,-31.92325,-32.06539,68.66862,-36.60323,-39.90833,57.63494,-17.72661,-26.19729,65.04279,-38.84549
0.05275275,-52.98678,78.51696,-25.53018,-52.21889,77.5643,-25.34541,-49.83463,77.68192,-27.8473,-43.286,73.12965,-29.84365,-33.94461,68.71529,-34.77068,-41.23222,57.19474,-15.96252,-28.0436,65.22678,-37.18318
0.05285285,-54.80519,77.95171,-23.14652,-54.01329,77.0061,-22.99282,-51.64128,77.16256,-25.52128,-45.08242,72.81741,-27.73499,-35.79104,68.69559,-32.90456,-42.51535,56.69846,-14.18311,-29.86263,65.34771,-35.48508
0.05295295,-56.56813,77.30574,-20.73761,-55.75394,76.36901,-20.61508,-53.40505,76.57181,-23.16676,-46.83366,72.42977,-25.59611,-37.59886,68.60176,-31.0029,-43.75163,56.1402,-12.38858,-31.6494,65.39813,-33.74873
0.05305305,-58.28351,76.59332,-18.3098,-57.44851,75.66702,-18.21851,-55.1319,75.92251,-20.79061,-48.546,71.97997,-23.43398,-39.37303,68.44639,-29.07336,-44.94804,55.53104,-10.583,-33.40787,65.39,-31.98213
0.05315315,-59.93951,75.80125,-15.86175,-59.08553,74.88727,-15.80174,-56.81232,75.20314,-18.39082,-50.20953,71.45554,-21.246,-41.10455,68.21664,-27.1121,-46.09502,54.86102,-8.765997,-35.13033,65.31104,-30.18072
0.05325325,-61.54575,74.94508,-13.39933,-60.67432,74.04494,-13.37062,-58.45349,74.42736,-15.97387,-51.83202,70.8709,-19.03888,-42.79986,67.92656,-25.1267,-47.20089,54.14216,-6.941273,-36.82208,65.17457,-28.35249
0.05335335,-63.08961,74.01163,-10.92203,-62.2026,73.12718,-10.92458,-60.04492,73.58349,-13.53856,-53.40281,70.21353,-16.81071,-44.44925,67.56319,-23.11394,-48.25558,53.36464,-5.109063,-38.47469,64.96818,-26.49348
0.05345345,-64.57628,73.01032,-8.434044,-63.67538,72.1432,-8.46782,-61.59016,72.67965,-11.08949,-54.92602,69.49217,-14.56615,-46.05607,67.13497,-21.0789,-49.26382,52.53585,-3.272022,-40.09089,64.69984,-24.60895
0.05355356,-66.00601,71.94389,-5.93788,-65.09285,71.09566,-6.002801,-63.08881,71.71799,-8.629185,-56.40166,68.70925,-12.3076,-47.62015,66.64412,-19.02397,-50.22613,51.65808,-1.431947,-41.67036,64.37162,-22.70126
0.05365365,-67.37603,70.81154,-3.435511,-66.45228,69.98373,-3.531457,-64.538,70.69748,-6.159476,-57.82721,67.86381,-10.0366,-49.13907,66.08945,-16.95038,-51.14051,50.73102,0.4094906,-43.21087,63.98226,-20.77139
0.05375375,-68.68134,69.61052,-0.9291792,-67.74874,68.80475,-1.056004,-65.93279,69.61527,-3.68248,-59.19828,66.9531,-7.754828,-50.6087,65.46792,-14.85922,-52.00349,49.75291,2.250586,-44.70868,63.52876,-18.82008
0.05385385,-69.92282,68.34446,1.578362,-68.98302,67.5622,1.420823,-67.273,68.47409,-1.201089,-60.51536,65.98042,-5.465067,-52.02937,64.78263,-12.75327,-52.81624,48.72676,4.089482,-46.1639,63.01402,-16.85012
0.05395395,-71.1001,67.01545,4.084652,-70.15469,66.2581,3.896584,-68.5574,67.27526,1.282139,-61.77791,64.94761,-3.169693,-53.40051,64.03532,-10.63482,-53.57894,47.65442,5.924524,-47.57588,62.43959,-14.86371
0.05405406,-72.2056,65.61884,6.586755,-71.25624,64.88784,6.368401,-69.77832,66.01373,3.764598,-62.97923,63.84992,-0.870692,-54.71597,63.221,-8.505028,-54.28609,46.53292,7.753163,-48.93901,61.8005,-12.86149
0.05415415,-73.24816,64.16521,9.082952,-72.29625,63.46171,8.83454,-70.94267,64.69865,6.244027,-64.12663,62.69735,1.429283,-55.9824,62.34984,-6.367441,-54.94497,45.37028,9.574697,-50.25895,61.10646,-10.84751
0.05425425,-74.22459,62.65369,11.5709,-73.27149,61.97881,11.29269,-72.04669,63.32853,8.718162,-65.21714,61.48884,3.728302,-57.19711,61.42073,-4.223617,-55.55349,44.16619,11.3873,-51.53316,60.35625,-8.823092
0.05435435,-75.12446,61.07782,14.04665,-74.17168,60.43271,13.73897,-73.07969,61.89628,11.18341,-66.24152,60.2179,6.023629,-58.35172,60.42683,-2.075116,-56.10422,42.91649,13.18773,-52.754,59.54309,-6.789087
0.05445445,-75.95341,59.44469,16.50872,-75.0022,58.83032,16.17189,-74.04578,60.40784,13.63794,-67.20436,58.89115,8.313206,-59.45044,59.37501,0.07542784,-56.60182,41.6266,14.97522,-53.92498,58.67344,-4.748463
0.05455456,-76.7127,57.7574,18.9553,-75.76423,57.17459,18.58964,-74.94519,58.86541,16.07978,-68.10648,57.51137,10.59511,-60.49409,58.2681,2.225983,-57.04764,40.29906,16.74858,-55.04664,57.74994,-2.703295
0.05465465,-77.39906,56.01548,21.38358,-76.45444,55.46497,20.98946,-75.77377,57.26759,18.50618,-68.94478,56.07783,12.86695,-61.47992,57.10537,4.374547,-57.4396,38.93397,18.50563,-56.11629,56.77164,-0.6553462
0.05475476,-78.00971,54.21902,23.7907,-77.07,53.70148,23.36852,-76.5278,55.61352,20.91428,-69.71656,54.59034,15.12622,-62.40557,55.88662,6.518949,-57.77607,37.53174,20.24433,-57.1316,55.73819,1.393414
0.05485485,-78.54475,52.37021,26.17454,-77.6109,51.88619,25.7247,-77.20632,53.90449,23.30184,-70.42159,53.05079,17.3708,-63.27091,54.61382,8.657095,-58.05746,36.09426,21.9632,-58.09221,54.65128,3.440925
0.05495495,-78.99982,50.46835,28.53147,-78.07273,50.0183,28.05444,-77.80396,52.13867,25.66528,-71.0557,51.45811,19.59759,-64.0723,53.28589,10.78641,-58.28099,34.62148,23.65952,-58.99455,53.50964,5.484908
0.05505506,-79.3783,48.51777,30.86054,-78.45875,48.102,30.35675,-78.32315,50.31971,28.00344,-71.62161,49.81633,21.80528,-64.81225,51.90704,12.90521,-58.44945,33.11667,25.33278,-59.84068,52.31718,7.523493
0.05515515,-79.67947,46.51996,33.15952,-78.76814,46.13869,32.62944,-78.7623,48.44827,30.31403,-72.11837,48.12661,23.99176,-65.48998,50.47848,15.01151,-58.56256,31.58117,26.9814,-60.62964,51.07489,9.554753
0.05525526,-79.90264,44.47644,35.4262,-79.00013,44.12979,34.87033,-79.1199,46.52511,32.5948,-72.54507,46.39013,26.15493,-66.10477,49.00147,17.1033,-58.62012,30.01632,28.60381,-61.36053,49.78378,11.57675
0.05535536,-80.04455,42.38736,37.6572,-79.1514,42.07534,37.07606,-79.39174,44.5494,34.84234,-72.89845,44.60667,28.29179,-66.65376,47.47578,19.17797,-58.62004,28.42257,30.19748,-62.03046,48.44334,13.58712
0.05545545,-80.10727,40.25587,39.8514,-79.22394,39.97841,39.24553,-79.57926,42.52382,37.05544,-73.1801,42.77906,30.40104,-67.13838,45.90437,21.23402,-58.56402,26.8023,31.76172,-62.64053,47.05628,15.58425
0.05555556,-80.08614,38.08159,42.00455,-79.21303,37.83851,41.37452,-79.67683,40.44694,39.22989,-73.38546,40.90647,32.47899,-67.55461,44.28631,23.2683,-58.44897,25.15563,33.29334,-63.18671,45.6214,17.56532
0.05565565,-79.98642,35.86916,44.11726,-79.12385,35.66022,43.46363,-79.68953,38.32345,41.36608,-73.519,38.99335,34.52566,-67.90648,42.6262,25.28028,-58.27875,23.48572,34.79303,-63.67252,44.14307,19.52945
0.05575576,-79.80267,33.61805,46.18463,-78.95091,33.44289,45.50802,-79.611,36.1518,43.4592,-73.57545,37.03864,36.53681,-68.1892,40.92284,27.26636,-58.04967,21.79254,36.25713,-64.09325,42.61978,21.47347
0.05585586,-79.53927,31.33217,48.2071,-78.69853,31.19041,47.50812,-79.44556,33.93603,45.50953,-73.55849,35.04606,38.51243,-68.40609,39.18005,29.22604,-57.76491,20.07881,37.6861,-64.45174,41.05515,23.39659
0.05595596,-79.19731,29.01392,50.18339,-78.36777,28.90511,49.46266,-79.19411,31.67837,47.51573,-73.46885,33.01772,40.45114,-68.55772,37.39987,31.15786,-57.4253,18.34623,39.07907,-64.74835,39.45105,25.29731
0.05605606,-78.76863,26.66209,52.10654,-77.95042,26.58566,51.36475,-78.8474,29.3764,49.471,-73.29865,30.95166,42.34698,-68.63694,35.58011,33.05683,-57.0252,16.59443,40.43077,-64.97601,37.80478,27.17123
0.05615615,-78.26607,24.28351,53.98255,-77.45927,24.23895,53.22033,-78.41938,27.0384,51.38098,-73.05952,28.85502,44.2045,-68.65411,33.72807,34.92603,-56.5736,14.82761,41.74599,-65.14439,36.1238,29.02058
0.05625626,-77.67464,21.87509,55.79956,-76.87938,21.86171,55.01767,-77.89351,24.65934,53.23417,-72.73717,26.72351,46.01366,-68.59617,31.83895,36.75722,-56.06004,13.04437,43.01567,-65.24076,34.40257,30.8382
0.05635636,-77.01082,19.4442,57.56661,-76.22714,19.46143,56.76571,-77.28787,22.24869,55.03918,-72.34671,24.56513,47.78159,-68.47663,29.921,38.55563,-55.49599,11.24908,44.24691,-65.27787,32.64967,32.6282
0.05645646,-76.26334,16.98955,59.27379,-75.49133,17.03669,58.45464,-76.59019,19.80382,56.78637,-71.8773,22.37751,49.49979,-68.28545,27.97132,40.31413,-54.87357,9.441381,45.43219,-65.24586,30.86158,34.38428
0.05655656,-75.43261,14.5138,60.91881,-74.67235,14.59014,60.08221,-75.80112,17.32767,58.47345,-71.32894,20.16293,51.16601,-68.02236,25.9919,42.03046,-54.19294,7.623023,46.56992,-65.14423,29.03998,36.10425
0.05665665,-74.5285,12.02157,62.50692,-73.78007,12.12646,61.65361,-74.93172,14.8263,60.10542,-70.71071,17.92634,52.78437,-67.69537,23.98775,43.70762,-53.46093,5.796729,47.6642,-64.98053,27.19012,37.79041
0.05675676,-73.54574,9.513854,64.03188,-72.80927,9.64661,63.16266,-73.97657,12.30039,61.67618,-70.01734,15.668,54.34934,-67.29934,21.95859,45.34076,-52.67375,3.963362,48.71039,-64.74962,25.31127,39.43835
0.05685686,-72.49207,6.994295,65.49777,-71.76768,7.154291,64.6134,-72.94444,9.754809,63.18964,-69.25594,13.39181,55.86413,-66.84052,19.90832,46.93219,-51.83672,2.125065,49.71165,-64.45737,23.40749,41.04988
0.05695696,-71.35449,4.463535,66.89096,-70.64241,4.650042,65.99236,-71.82179,7.189275,64.63252,-68.41371,11.09686,57.31685,-66.30663,17.83497,48.47166,-50.94054,0.2828062,50.65773,-64.09165,21.47586,42.6158
0.05705706,-70.14793,1.925986,68.22195,-69.44835,2.138416,67.30993,-70.62523,4.610253,66.01498,-67.50473,8.788532,58.7162,-65.71037,15.74425,49.96613,-49.99558,-1.561115,51.5567,-63.66469,19.5227,44.14199
0.05715716,-68.87144,-0.6161282,69.48757,-68.18462,-0.378352,68.56298,-69.35431,2.020394,67.33392,-66.52785,6.468597,60.05925,-65.05025,13.63742,51.41283,-49.00104,-3.405191,52.40623,-63.17487,17.54904,45.62583
0.05725726,-67.51787,-3.160326,70.6782,-66.84417,-2.897812,69.74198,-68.00214,-0.5777711,68.57992,-65.47577,4.13837,61.3374,-64.31889,11.51477,52.80412,-47.95163,-5.247498,53.19913,-62.61479,15.55446,47.06033
0.05735736,-66.09995,-5.703666,71.80362,-65.43974,-5.416894,70.85663,-66.58286,-3.179631,69.76249,-64.36068,1.801763,62.55892,-63.52733,9.380587,54.14674,-46.85628,-7.086614,53.94289,-61.99519,13.54387,48.45132
0.05745746,-64.61447,-8.243404,72.85787,-63.96819,-7.93284,71.90103,-65.09383,-5.78197,70.8758,-63.17916,-0.5392172,63.71838,-62.67178,7.236023,55.43576,-45.71246,-8.920652,54.63311,-61.31219,11.51802,49.79418
0.05755756,-63.06252,-10.77663,73.83916,-62.43069,-10.4427,72.8734,-63.53699,-8.381083,71.91807,-61.93199,-2.88198,64.81397,-61.75243,5.08314,56.66929,-44.52081,-10.74768,55.26849,-60.56585,9.47879,51.08706
0.05765766,-61.44397,-13.30006,74.74403,-60.82721,-12.94315,73.77036,-61.91311,-10.97283,72.88594,-60.61872,-5.223722,65.84245,-60.76819,2.924004,57.84418,-43.28105,-12.56549,55.84654,-59.75496,7.428033,52.32692
0.05775776,-59.76431,-15.81128,75.57558,-59.16327,-15.43169,74.59495,-60.22862,-13.55375,73.78237,-59.24451,-7.561751,66.80627,-59.72348,0.7611738,58.96231,-41.99696,-14.3727,56.36966,-58.88378,5.368499,53.51528
0.05785786,-58.02771,-18.30822,76.33594,-57.44307,-17.90619,75.34927,-58.48846,-16.12097,74.60943,-57.81327,-9.893837,67.70711,-58.6216,-1.403265,60.02487,-40.67142,-16.16806,56.83948,-57.95551,3.302434,54.65307
0.05795796,-56.23335,-20.78738,77.02073,-55.66589,-20.36312,76.02901,-56.69271,-18.67012,75.36283,-56.32384,-12.21705,68.54089,-57.46075,-3.56725,61.028,-39.3037,-17.94913,57.25283,-56.96823,1.231602,55.73663
0.05805806,-54.3831,-23.24582,77.62891,-53.83371,-22.79946,76.63317,-54.84417,-21.19738,76.04156,-54.7779,-14.5286,69.3065,-56.24187,-5.72854,61.97041,-37.89497,-19.71408,57.60905,-55.92279,-0.8418014,56.7646
0.05815816,-52.47851,-25.6802,78.15871,-51.94812,-25.21184,77.15996,-52.94527,-23.69855,76.64382,-53.17665,-16.82543,70.00209,-54.96543,-7.884727,62.85016,-36.44621,-21.46066,57.90687,-54.81959,-2.915473,57.73506
0.05825826,-50.52324,-28.08829,78.61153,-50.01285,-27.59796,77.61081,-51.00036,-26.17064,77.17101,-51.52356,-19.10517,70.62872,-53.63426,-10.03367,63.66793,-34.95998,-23.18747,58.14745,-53.66132,-4.987149,58.64847
0.05835836,-48.51963,-30.46736,78.98699,-48.03028,-29.95503,77.98531,-49.01248,-28.61018,77.62266,-49.82068,-21.36515,71.18584,-52.24978,-12.17315,64.42294,-33.4379,-24.89267,58.33057,-52.44935,-7.054612,59.50396
0.05845846,-46.46959,-32.81433,79.28393,-46.00238,-32.27994,78.28232,-46.98425,-31.01339,77.99763,-48.06967,-23.60249,71.67216,-50.81294,-14.30082,65.11376,-31.88128,-26.57417,58.45545,-51.18452,-9.115548,60.30007
0.05855856,-44.37693,-35.12773,79.50467,-43.93298,-34.57117,78.50416,-44.91985,-33.37832,78.29817,-46.27418,-25.81544,72.08962,-49.32695,-16.41495,65.74191,-30.29289,-28.23103,58.52393,-49.87,-11.16805,61.03805
0.05865866,-42.24121,-37.40226,79.64347,-41.82175,-36.82339,78.64514,-42.81986,-35.69875,78.51861,-44.43335,-27.99944,72.43279,-47.78997,-18.51216,66.30212,-28.67235,-29.85947,58.53182,-48.50379,-13.20908,61.71287
0.05875876,-40.06951,-39.64011,79.70962,-39.67567,-39.03877,78.71444,-40.69089,-37.97707,78.66797,-42.55433,-30.15555,72.70988,-46.20928,-20.59245,66.80173,-27.02493,-31.46113,58.48606,-47.09321,-15.23799,62.3312
0.05885886,-37.85791,-41.83155,79.68945,-37.49105,-41.20752,78.69857,-38.53075,-40.20209,78.73283,-40.63254,-32.27574,72.90828,-44.57865,-22.65016,67.22881,-25.34771,-33.029,58.3767,-45.63181,-17.24999,62.88179
0.05895896,-35.61514,-43.98172,79.59686,-35.27642,-43.33482,78.61124,-36.347,-42.37973,78.72674,-38.67694,-34.36347,73.04041,-42.90773,-24.68689,67.59462,-23.64725,-34.56679,58.21404,-44.12929,-19.24572,63.37501
0.05905906,-33.34051,-46.08435,79.42487,-33.0312,-45.41434,78.44555,-34.13988,-44.5029,78.64278,-36.68639,-36.41332,73.09972,-41.19429,-26.69854,67.89283,-21.92308,-36.06996,57.99303,-42.58328,-21.22151,63.80479
0.05915916,-31.03636,-48.13658,79.17294,-30.75776,-47.44324,78.201,-31.91188,-46.5685,78.48038,-34.663,-38.4225,73.08549,-39.43989,-28.68264,68.12253,-20.17704,-37.53638,57.71342,-40.99524,-23.17491,64.17014
0.05925926,-28.70565,-50.13675,78.84241,-28.45902,-49.41986,77.87888,-29.66582,-48.57494,78.24076,-32.60957,-40.38919,72.99876,-37.64702,-30.63736,68.28439,-18.41141,-38.96484,57.37626,-39.36759,-25.10395,64.47154
0.05935936,-26.35154,-52.08439,78.43593,-26.13807,-51.34375,77.48182,-27.40446,-50.52199,77.92645,-30.52916,-42.31259,72.84176,-35.81868,-32.5616,68.38028,-16.62869,-40.3549,56.98359,-37.70327,-27.00736,64.71062
0.05945946,-23.97499,-53.97353,77.94852,-23.79594,-53.20896,77.0049,-25.12907,-52.40335,77.53242,-28.42227,-44.18737,72.60964,-33.95441,-34.45098,68.4054,-14.82983,-41.70207,56.5319,-36.00164,-28.88105,64.8827
0.05955956,-21.58058,-55.80864,77.38922,-21.43703,-55.01999,76.45701,-22.84306,-54.22442,77.06748,-26.29371,-46.01689,72.3106,-32.05982,-36.30742,68.36723,-13.0184,-43.00948,56.02787,-34.26836,-30.72635,64.99472
0.05965966,-19.16884,-57.58209,76.75092,-19.06192,-56.76925,75.83117,-20.54731,-55.97723,76.52454,-24.1434,-47.79441,71.93782,-30.13368,-38.12542,68.2591,-11.19503,-44.27142,55.46645,-32.50196,-32.53824,65.0402
0.05975976,-16.74302,-59.29501,76.03802,-16.67376,-58.45792,75.13168,-18.24418,-57.66362,75.9078,-21.97462,-49.52054,71.49516,-28.17956,-39.90487,68.08443,-9.362378,-45.48855,54.85093,-30.70597,-34.31629,65.02225
0.05985986,-14.30529,-60.94579,75.25108,-14.27466,-60.08445,74.35911,-15.93529,-59.28242,75.21772,-19.78935,-51.19361,70.98296,-26.19931,-41.644,67.84331,-7.522295,-46.65953,54.18183,-28.88212,-36.05872,64.94083
0.05995996,-11.85765,-62.53014,74.38779,-11.86655,-61.6446,73.51115,-13.62216,-60.82969,74.45185,-17.58918,-52.80963,70.3988,-24.19403,-43.33913,67.53316,-5.676619,-47.78099,53.45761,-27.03131,-37.76203,64.79333
0.06006006,-9.40269,-64.04891,73.4516,-9.451923,-63.1393,72.59122,-11.30642,-62.30709,73.61351,-15.37669,-54.36905,69.74574,-22.16664,-44.99006,67.15669,-3.82748,-48.85339,52.68087,-25.15638,-39.4258,64.58218
0.06016016,-6.94288,-65.50517,72.44805,-7.033108,-64.57168,71.60478,-8.989504,-63.71856,72.70807,-13.1545,-55.87429,69.02879,-20.12038,-46.59814,66.71851,-1.976862,-49.87884,51.8557,-23.2606,-41.05108,64.31168
0.06026026,-4.479805,-66.88615,71.36595,-4.61169,-65.92908,70.54076,-6.67265,-65.05155,71.72421,-10.92308,-57.31399,68.23707,-18.05413,-48.15375,66.20788,-0.1266979,-50.84752,50.97421,-21.34231,-42.629,63.97132
0.06036036,-2.016076,-68.19885,70.21493,-2.190096,-67.21857,69.40867,-4.357122,-66.31425,70.67137,-8.685487,-58.69402,67.3795,-15.97221,-49.66096,65.63317,1.721061,-51.7645,50.04344,-19.40595,-44.16307,63.56902
0.06046046,0.446324,-69.44353,68.99721,0.2298074,-68.44049,68.21069,-2.043943,-67.50771,69.55165,-6.44362,-60.01438,66.458,-13.8768,-51.11922,64.99603,3.564709,-52.6298,49.06509,-17.45359,-45.65266,63.10625
0.06056056,2.905469,-70.61912,67.71365,2.646206,-69.59385,66.94765,0.2659165,-68.63165,68.36573,-4.199188,-61.27396,65.47314,-11.76975,-52.52707,64.29682,5.402478,-53.44239,48.03991,-15.48691,-47.09629,62.5832
0.06066066,5.359034,-71.7198,66.36076,5.056879,-70.67297,65.6161,2.571196,-69.68116,67.10997,-1.953917,-62.46743,64.42135,-9.652297,-53.87948,63.53178,7.232122,-54.19766,46.96554,-13.5068,-48.48925,61.99606
0.06076076,7.804814,-72.74584,64.94102,7.459763,-71.67825,64.21848,4.870866,-70.65755,65.78667,0.2901012,-63.59484,63.30474,-7.526928,-55.17577,62.7027,9.051791,-54.89565,45.84386,-11.51558,-49.83083,61.34641
0.06086086,10.24039,-73.69438,63.45399,9.852577,-72.60692,62.75434,7.163748,-71.55895,64.3952,2.530864,-64.65347,62.1226,-5.395653,-56.41297,61.80862,10.85924,-55.53394,44.6747,-9.514961,-51.11817,60.63313
0.06096096,12.66504,-74.57359,61.90855,12.23472,-73.46716,61.23244,9.449755,-72.39413,62.94438,4.767069,-65.6504,60.88333,-3.261049,-57.59659,60.85764,12.65423,-56.11868,43.46445,-7.507736,-52.35625,59.86399
0.06106106,15.07695,-75.38169,60.30474,14.60448,-74.2573,59.65282,11.72805,-73.16212,61.43407,6.997221,-66.58394,59.58672,-1.124698,-58.72466,59.84936,14.43502,-56.64833,42.21331,-5.495258,-53.5432,59.03846
0.06116116,17.4736,-76.11472,58.64111,16.9595,-74.97351,58.01402,13.99743,-73.86004,59.8626,9.219329,-67.45039,58.23106,1.011531,-59.79337,58.78183,16.19928,-57.11967,40.92039,-3.479037,-54.67542,58.15445
0.06126126,19.85188,-76.76774,56.91586,19.29682,-75.61107,56.31425,16.25632,-74.48428,58.22795,11.43093,-68.24522,56.81429,3.145314,-60.79797,57.65266,17.94419,-57.52878,39.58458,-1.460922,-55.74849,57.20941
0.06136136,22.21165,-77.34783,55.13618,21.61639,-76.177,54.56061,18.5048,-75.04209,56.5373,13.63139,-68.97462,55.34324,5.274981,-61.74347,56.46849,19.66999,-57.88103,38.21104,0.5572028,-56.76694,56.20974
0.06146146,24.54992,-77.85069,53.30077,23.91537,-76.66717,52.7518,20.7413,-75.53039,54.78909,15.81832,-69.63462,53.8163,7.398237,-62.62563,55.22739,21.37397,-58.173,36.79903,2.573492,-57.72684,55.15335
0.06156156,26.86569,-78.27916,51.41348,26.19284,-77.08447,50.89162,22.96529,-75.95242,52.98713,17.99062,-70.22765,52.23703,9.5134,-63.44613,53.93273,23.05553,-58.40685,35.35132,4.586288,-58.62968,54.04339
0.06166166,29.15668,-78.63171,49.47504,28.44665,-77.42744,48.98079,25.17547,-76.30744,51.13197,20.14637,-70.75224,50.60586,11.6184,-64.20304,52.58464,24.71276,-58.58136,33.8686,6.593805,-59.47364,52.87983
0.06176176,31.42085,-78.90791,47.48706,30.6749,-77.69577,47.02087,27.37063,-76.5957,49.22507,22.28378,-71.20786,48.92407,13.71119,-64.89532,51.18413,26.34406,-58.69617,32.35211,8.594234,-60.25771,51.66348
0.06186186,33.65588,-79.1068,45.45092,32.87536,-77.88858,45.01323,29.54926,-76.81693,47.26767,24.40084,-71.59355,47.19271,15.78957,-65.52151,49.73195,27.94764,-58.75057,30.80293,10.58564,-60.98052,50.39488
0.06196196,35.86181,-79.23321,43.37139,35.04809,-78.01066,42.96257,31.71114,-76.97571,45.26457,26.49724,-71.91358,45.41634,17.85262,-66.08517,48.23255,29.52389,-58.74838,29.22449,12.56696,-61.64531,49.07835
0.06206206,38.03553,-79.28393,41.24839,37.19012,-78.05892,40.8688,33.85419,-77.06966,43.21547,28.57043,-72.16494,43.59451,19.89783,-66.58297,46.68514,31.07025,-58.68715,27.61691,14.5361,-62.24896,47.71286
0.06216216,40.17366,-79.25616,39.0825,39.29821,-78.03069,38.73248,35.97595,-77.0967,41.12075,30.61758,-72.34496,41.72738,21.92234,-67.01183,45.08948,32.58411,-58.56482,25.98071,16.49064,-62.78859,46.29794
0.06226226,42.27654,-79.1549,36.87836,41.37267,-77.93086,36.5582,38.07619,-77.06131,38.98512,32.63865,-72.45808,39.81943,23.92562,-67.37561,43.44999,34.06617,-58.38542,24.31924,18.42983,-63.26772,44.83789
0.06236236,44.34397,-78.98341,34.63944,43.41328,-77.76266,34.34939,40.1543,-76.96637,36.81208,34.63319,-72.50716,37.87397,25.90689,-67.67677,41.76987,35.51664,-58.1516,22.63496,20.3528,-63.68861,43.33581
0.06246246,46.37034,-78.7348,32.36446,45.41465,-77.51941,32.10476,42.2061,-76.8061,34.59999,36.59669,-72.48581,35.88912,27.86197,-67.90862,40.04665,36.931,-57.85824,20.92724,22.25611,-64.04498,41.78886
0.06256256,48.35484,-78.41152,30.05668,47.37595,-77.20349,29.82754,44.23031,-76.5825,32.35219,38.52819,-72.39614,33.86795,29.78969,-68.07292,38.28323,38.30906,-57.50745,19.19839,24.13858,-64.33842,40.19984
0.06266266,50.29806,-78.01808,27.72002,49.29771,-76.81931,27.5216,46.22664,-76.29927,30.07263,40.42789,-72.24215,31.81426,31.68993,-68.17333,36.4834,39.65171,-57.10291,17.4512,25.99982,-64.57227,38.57245
0.06276276,52.1973,-77.55323,25.35593,51.17728,-76.36563,25.18835,48.19249,-75.95515,27.76266,42.29342,-72.02254,29.72913,33.56039,-68.20831,34.64793,40.95705,-56.64392,15.68687,27.8378,-64.74505,36.90725
0.06286287,54.04843,-77.01392,22.9655,53.01062,-75.8395,22.82888,50.12402,-75.54723,25.4232,44.12124,-71.73441,27.61318,35.39776,-68.17471,32.77695,42.22214,-56.12847,13.90633,29.64964,-64.85371,35.20408
0.06296296,55.8496,-76.40102,20.55142,54.79586,-75.24173,20.44586,52.0188,-75.07579,23.05699,45.90957,-71.37842,25.46885,37.20028,-68.0729,30.87262,43.44606,-55.55753,12.11148,31.43364,-64.89857,33.46494
0.06306306,57.60264,-75.72019,18.11755,56.5347,-74.5778,18.0431,53.87722,-74.54527,20.66804,47.65957,-70.95963,23.30006,38.96886,-67.90785,28.93899,44.63074,-54.93571,10.30497,33.19027,-64.88417,31.6939
0.06316316,59.30217,-74.96714,15.66497,58.22184,-73.8435,15.62166,55.69409,-73.95132,18.25723,49.36665,-70.47391,21.10726,40.69931,-67.67525,26.97594,45.77232,-54.26013,8.48781,34.91589,-64.80637,29.89047
0.06326326,60.94878,-74.14559,13.19681,59.85778,-73.0424,13.18463,57.46881,-73.29662,15.82781,51.03096,-69.92454,18.89358,42.39174,-67.3783,24.98657,46.87176,-53.53392,6.662162,36.61032,-64.66806,28.05774
0.06336337,62.53912,-73.2543,10.71517,61.43916,-72.17325,10.73409,59.19751,-72.57932,13.38182,52.64949,-69.31019,16.66069,44.0434,-67.01558,22.97218,47.9269,-52.75655,4.829654,38.27103,-64.46779,26.19676
0.06346346,64.07209,-72.29469,8.2226,62.9648,-71.23737,8.272571,60.87814,-71.79998,10.92184,54.22103,-68.63199,14.41096,45.65322,-66.58819,20.93497,48.93736,-51.92946,2.9921,39.89687,-64.20647,24.30961
0.06356356,65.54621,-71.26791,5.721691,64.43318,-70.23581,5.802631,62.50825,-70.95878,8.450526,55.74405,-67.89082,12.14678,47.21985,-66.09698,18.87712,49.90248,-51.05387,1.151383,41.48642,-63.88478,22.39836
0.06366366,66.95846,-70.17317,3.214711,65.84123,-69.16775,3.326514,64.08405,-70.05414,5.970095,57.21572,-67.08575,9.87003,48.74082,-65.541,16.80018,50.8204,-50.12962,-0.6907862,43.03736,-63.50167,20.46431
0.06376377,68.30778,-69.01215,0.7043718,67.1878,-68.03471,0.8469044,65.60332,-69.08664,3.483325,58.63483,-66.21809,7.583265,50.2151,-64.92162,14.70653,51.69079,-49.15834,-2.532454,44.54851,-63.05827,18.50975
0.06386387,69.59435,-67.78745,-1.806908,68.47298,-66.83919,-1.633794,67.06512,-68.05789,0.9927757,60.00122,-65.29012,5.288898,51.64262,-64.24119,12.59856,52.51424,-48.14224,-4.371999,46.01957,-62.55663,16.53706
0.06396396,70.81376,-66.4972,-4.316563,69.69231,-65.57927,-4.113046,68.46415,-66.9651,-1.499058,61.31084,-64.29984,2.988994,53.01987,-63.4977,10.47784,53.2879,-47.08042,-6.207473,47.44722,-61.99471,14.54749
0.06406406,71.96676,-65.14458,-6.822186,70.84643,-64.25795,-6.588474,69.79999,-65.8103,-3.989682,62.564,-63.24994,0.6859418,54.3472,-62.69402,8.346818,54.01264,-45.97554,-8.037097,48.8315,-61.37501,12.54351
0.06416416,73.05087,-63.72949,-9.321374,71.93279,-62.87509,-9.057696,71.06916,-64.5925,-6.476666,63.75826,-62.14013,-1.618134,55.62257,-61.8299,6.207325,54.68703,-44.82791,-9.859122,50.17035,-60.69712,10.52677
0.06426427,74.06346,-62.25213,-11.81133,72.94869,-61.43076,-11.51794,72.26795,-63.31078,-8.957172,64.89105,-60.97033,-3.920726,56.84379,-60.90533,4.061537,55.3096,-43.63804,-11.67156,51.46156,-59.96083,8.499273
0.06436437,75.00082,-60.71172,-14.28911,73.89036,-59.92407,-13.96629,73.39155,-61.96326,-11.4283,65.95878,-59.73944,-6.219333,58.00781,-59.91934,1.911527,55.87799,-42.40583,-13.47217,52.70214,-59.16496,6.462818
0.06446446,75.87287,-59.11843,-16.75443,74.76749,-58.36504,-16.40246,74.44902,-60.5597,-13.88933,66.96974,-58.4571,-8.512646,59.12202,-58.88169,-0.2403261,56.3996,-41.13845,-15.26115,53.89837,-58.31877,4.420397
0.06456456,76.66406,-57.4621,-19.20196,75.56463,-56.74345,-18.82117,75.42355,-59.0882,-16.33536,67.91008,-57.11304,-10.79704,60.17432,-57.78219,-2.392125,56.86362,-39.82952,-17.0341,55.03921,-57.4121,2.372893
0.06466466,77.38159,-55.75056,-21.63103,76.28878,-55.06701,-21.22177,76.32161,-57.55622,-18.76538,68.78573,-55.71465,-13.07108,61.17,-56.62831,-4.541686,57.27546,-38.48455,-18.79091,56.12907,-56.45201,0.3229397
0.06476477,78.02031,-53.98212,-24.03819,76.93477,-53.33394,-23.60082,77.13698,-55.96097,-21.17601,69.59182,-54.25993,-15.33189,62.10487,-55.41815,-6.686721,57.63172,-37.10277,-20.52895,57.16389,-55.43637,-1.727526
0.06486487,78.58153,-52.15989,-26.42164,77.50379,-51.54723,-25.95656,77.87026,-54.30493,-23.56533,70.32916,-52.75158,-17.57758,62.97969,-54.15448,-8.825209,57.93353,-35.68651,-22.24702,58.14408,-54.36765,-3.77643
0.06496496,79.06396,-50.28502,-28.77893,77.99451,-49.70795,-28.28655,78.51939,-52.58853,-25.93085,70.99628,-51.19043,-19.80585,63.79321,-52.83818,-10.95503,58.18015,-34.23682,-23.94334,59.06822,-53.24647,-5.821746
0.06506506,79.46675,-48.35902,-31.10773,78.40599,-47.81752,-30.58848,79.08282,-50.81262,-28.2702,71.5921,-49.5776,-22.0145,64.54449,-51.47041,-13.07408,58.37116,-32.75493,-25.61623,59.93516,-52.07371,-7.86145
0.06516516,79.79124,-46.38469,-33.40656,78.73952,-45.87864,-32.86088,79.56148,-48.9797,-30.58178,72.11749,-47.91557,-24.20193,65.2343,-50.05365,-15.18065,58.5076,-31.24286,-27.26474,60.74536,-50.85159,-9.893768
0.06526527,80.02774,-44.35836,-35.66938,78.98537,-43.88757,-35.0978,79.94432,-47.08453,-32.85979,72.56336,-46.20015,-26.36321,65.85466,-48.58374,-17.27092,58.58281,-29.69862,-28.8842,61.49114,-49.5756,-11.91555
0.06536537,80.19041,-42.29022,-37.9002,79.15763,-41.85447,-37.30317,80.24641,-45.13864,-35.10778,72.94224,-44.44143,-28.5008,66.41647,-47.07069,-19.34579,58.60673,-28.12875,-30.47798,62.18238,-48.25562,-13.92676
0.06546547,80.26325,-40.17342,-40.08983,79.24027,-39.77235,-39.46793,80.44987,-43.13291,-37.31696,73.23922,-42.63184,-30.60738,66.90664,-45.5069,-21.39974,58.56826,-26.52932,-32.03894,62.80657,-46.88357,-15.923
0.06556556,80.262,-38.01833,-42.24368,79.24899,-37.65159,-41.5974,80.57179,-41.07952,-39.49228,73.4684,-40.78182,-32.68658,67.33738,-43.9027,-23.43468,58.47837,-24.90679,-33.57158,63.37494,-45.4698,-17.90514
0.06566566,80.16961,-35.81836,-44.35125,79.16672,-35.4855,-43.68122,80.59322,-38.96958,-41.62364,73.6138,-38.88389,-34.72991,67.69457,-42.2505,-25.44407,58.32519,-23.25746,-35.06773,63.87393,-44.0061,-19.86783
0.06576577,79.99874,-33.58176,-46.41698,79.0061,-33.28233,-45.72377,80.52804,-36.81289,-43.71515,73.68677,-36.94637,-36.7404,67.98801,-40.55848,-27.42954,58.1175,-21.58646,-36.53104,64.31256,-42.5007,-21.81186
0.06586587,79.74754,-31.30959,-48.43795,78.76526,-31.04311,-47.72215,80.3742,-34.61028,-45.76392,73.68532,-34.96991,-38.7154,68.21579,-38.82711,-29.38868,57.85397,-19.8946,-37.95937,64.68879,-40.95377,-23.73501
0.06596597,79.40722,-29.00025,-50.40697,78.43542,-28.76614,-49.66928,80.12208,-32.35912,-47.76296,73.60096,-32.95216,-40.6488,68.37019,-37.05376,-31.31643,57.5284,-18.18115,-39.34724,64.99503,-39.36219,-25.63284
0.06606606,78.99071,-26.66112,-52.32959,78.02952,-26.45889,-51.57063,79.78608,-30.06858,-49.7175,73.44547,-30.90075,-42.54472,68.46138,-35.24594,-33.21544,57.1497,-16.4506,-40.6991,65.24079,-37.73361,-27.50718
0.06616616,78.48974,-24.2911,-54.19864,77.53928,-24.12016,-53.41911,79.35729,-27.73671,-51.62059,73.2108,-28.81378,-44.39702,68.48198,-33.40139,-35.08059,56.71202,-14.70253,-42.00948,65.41879,-36.06529,-29.3535
0.06626627,77.9089,-21.894,-56.0149,76.96931,-21.75382,-55.2155,78.84106,-25.36818,-53.47287,72.90099,-26.69499,-46.20599,68.43527,-31.5236,-36.91167,56.21843,-12.9393,-43.27912,65.53197,-34.36063,-31.17134
0.06636637,77.24471,-19.47098,-57.77373,76.31619,-19.36098,-56.95521,78.23393,-22.96409,-55.26984,72.51247,-24.54495,-47.96751,68.31772,-29.6127,-38.70502,55.66634,-11.16176,-44.50458,65.57674,-32.6194,-32.95734
0.06646647,76.50172,-17.02573,-59.47599,75.58447,-16.94538,-58.6391,77.54131,-20.52905,-57.01225,72.04927,-22.36728,-49.68199,68.13258,-27.67203,-40.46054,55.0588,-9.372166,-45.68664,65.55605,-30.8449,-34.71114
0.06656656,75.68165,-14.56088,-61.12077,74.77592,-14.50967,-60.26626,76.76549,-18.06633,-58.69916,71.51276,-20.1644,-51.34836,67.88074,-25.70368,-42.17705,54.39686,-7.572156,-46.8247,65.47059,-29.03909,-36.4315
0.06666667,74.77737,-12.07729,-62.70007,73.88348,-12.05468,-61.8288,75.89935,-15.57655,-60.3228,70.89586,-17.93623,-52.95963,67.55527,-23.70684,-43.84842,53.6753,-5.762544,-47.91275,65.31345,-27.20058,-38.11287
0.06676677,73.80063,-9.579851,-64.22078,72.9189,-9.585384,-63.33352,74.95601,-13.06625,-61.88977,70.20953,-15.68821,-54.52132,67.16582,-21.68696,-45.47886,52.90228,-3.946159,-48.95612,65.09386,-25.33521,-39.75866
0.06686687,72.7497,-7.07051,-65.67919,71.88051,-7.103751,-64.77676,73.93419,-10.53773,-63.39645,69.45186,-13.42181,-56.03005,66.7102,-19.64496,-47.06523,52.07641,-2.124333,-49.95208,64.80955,-23.4436,-41.36594
0.06696697,71.619,-4.551112,-67.06789,70.76282,-4.611616,-66.1512,72.82865,-7.993021,-64.83563,68.61722,-11.13798,-57.47923,66.18264,-17.58096,-48.60168,51.19352,-0.2984459,-50.89508,64.45471,-21.52534,-42.92937
0.06706706,70.42068,-2.025598,-68.39509,69.57797,-2.113017,-67.46496,71.65279,-5.437563,-66.21523,67.71708,-8.841449,-58.87563,65.59341,-15.49983,-50.09359,50.26214,1.529306,-51.79144,64.03928,-19.58582,-44.45346
0.06716717,69.14642,0.5039425,-69.65036,68.31777,0.3899642,-68.70774,70.39864,-2.873565,-67.52508,66.74313,-6.533083,-60.21005,64.9341,-13.4013,-51.5328,49.2761,3.357286,-52.63338,63.55486,-17.62404,-45.93082
0.06726727,67.80238,3.0344,-70.83678,66.98843,2.894153,-69.88258,69.07333,-0.3051781,-68.76815,65.70113,-4.216259,-61.48487,64.20961,-11.28857,-52.92104,48.23965,5.183669,-53.42332,63.00613,-15.64338,-47.36275
0.06736737,66.39098,5.563016,-71.95399,65.59237,5.396751,-70.98912,67.67993,2.26411,-69.94404,64.59313,-1.893596,-62.69953,63.42138,-9.163847,-54.25753,47.1544,7.006639,-54.16104,62.39442,-13.64602,-48.74839
0.06746747,64.9184,8.087614,-73.00602,64.13582,7.895534,-72.03136,66.2253,4.831341,-71.05664,63.42502,0.4323573,-63.85737,62.57463,-7.029742,-55.54488,46.02476,8.824884,-54.84965,61.72475,-11.63484,-50.08992
0.06756756,63.37486,10.60421,-73.97907,62.60915,10.38651,-72.99566,64.70045,7.39207,-72.09251,62.18686,2.759232,-64.94609,61.65899,-4.886879,-56.77211,44.84342,10.63542,-55.47885,60.98678,-9.609514,-51.37727
0.06766767,61.77158,13.1111,-74.88268,61.02354,12.86789,-73.89143,63.1172,9.94369,-73.06088,60.88953,5.084269,-65.97379,60.68457,-2.738575,-57.94599,43.61843,12.43748,-56.05592,60.19039,-7.574014,-52.61637
0.06776777,60.10447,15.60436,-75.70883,59.37504,15.33575,-74.71079,61.47223,12.4817,-73.95392,59.5287,7.404525,-66.93323,59.64642,-0.5865521,-59.05986,42.34669,14.22826,-56.57494,59.33057,-5.529528,-53.80104
0.06786787,58.37906,18.0818,-76.46086,57.66916,17.78786,-75.45702,59.77157,15.00326,-74.77483,58.10961,9.717478,-67.8271,58.54913,1.566675,-60.1158,41.03213,16.00639,-57.03852,58.41179,-3.478804,-54.93298
0.06796797,56.59953,20.54169,-77.14122,55.9101,20.22243,-76.13253,58.01977,17.50616,-75.52592,56.63622,12.02113,-68.65735,57.39618,3.719126,-61.11531,39.67778,17.77076,-57.44853,57.43741,-1.423996,-56.01341
0.06806806,54.76052,22.97838,-77.73889,54.09264,22.63382,-76.72646,56.21243,19.98403,-76.19645,55.10283,14.31117,-69.414,56.18101,5.868169,-62.04918,38.27961,19.51727,-57.79688,56.40077,0.6329865,-57.03376
0.06816817,52.87146,25.39205,-78.26352,52.22615,25.02216,-77.24831,54.35892,22.43681,-76.79573,53.51872,16.58668,-70.10539,54.9126,8.012006,-62.9246,36.84456,21.24626,-58.09082,55.31075,2.689689,-58.00043
0.06826827,50.93252,27.77947,-78.71199,50.31081,27.38422,-77.69502,52.45985,24.86085,-77.32069,51.88376,18.84481,-70.72857,53.59023,10.14845,-63.73868,35.37273,22.95541,-58.32814,54.16653,4.744112,-58.91064
0.06836837,48.94283,30.13601,-79.07883,48.34586,29.71535,-78.0612,50.51496,27.25097,-77.76593,50.19678,21.08162,-71.2784,52.21196,12.27454,-64.4865,33.86351,24.64136,-58.50486,52.96604,6.793653,-59.75969
0.06846847,46.9091,32.46198,-79.37109,46.33791,32.01587,-78.35378,48.5307,29.60753,-78.13823,48.46437,23.29661,-71.76098,50.78424,14.38909,-65.17333,32.32186,26.30444,-58.6263,51.71565,8.836648,-60.5523
0.06856856,44.83079,34.75311,-79.58391,44.2865,34.28148,-78.56798,46.50694,31.92587,-78.43281,46.68567,25.48609,-72.17176,49.30551,16.48928,-65.79479,30.74746,27.94151,-58.68897,50.4137,10.87056,-61.28427
0.06866867,42.70995,37.00645,-79.71639,42.19364,36.50926,-78.7029,44.44579,34.20288,-78.64868,44.86244,27.64724,-72.50968,47.77703,18.57262,-66.34965,29.14194,29.55035,-58.69229,49.06131,12.89298,-61.9543
0.06876877,40.55153,39.22239,-79.77391,40.06424,38.69961,-78.76385,42.35188,36.43917,-78.79105,42.9996,29.77985,-72.77945,46.2037,20.63826,-66.84196,27.50899,31.13134,-58.64033,47.66331,14.9027,-62.56601
0.06886887,38.35524,41.39601,-79.75125,37.89804,40.84764,-78.74568,40.22507,38.62962,-78.85469,41.09644,31.87964,-72.97607,44.58409,22.68283,-67.26692,25.8486,32.68074,-58.52934,46.21814,16.89666,-63.1148
0.06896897,36.12413,43.52602,-79.65015,35.69801,42.95207,-78.65009,38.06813,40.77309,-78.84122,39.15582,33.94513,-73.10095,42.92087,24.7047,-67.62556,24.16317,34.19753,-58.3607,44.72832,18.87313,-63.60146
0.06906907,33.86049,45.61024,-79.47073,33.46643,45.01077,-78.4772,35.88308,42.8676,-78.75068,37.17983,35.97415,-73.15398,41.21581,26.70175,-67.91756,22.45452,35.68008,-58.1346,43.19554,20.83001,-64.02555
0.06916917,31.56654,47.64663,-79.21317,31.20546,47.02172,-78.22718,33.67182,44.91131,-78.58313,35.17046,37.96465,-73.13512,39.47066,28.67196,-68.14262,20.72449,37.12679,-57.85129,41.62142,22.76525,-64.38667
0.06926927,29.24417,49.63244,-78.87661,28.91695,48.98224,-77.89919,31.43583,46.90178,-78.33761,33.12932,39.91403,-73.04335,37.6867,30.61287,-68.29956,18.9747,38.53553,-57.51023,40.00707,24.67648,-64.68355
0.06936937,26.8957,51.56575,-78.46145,26.60316,50.89044,-77.4936,29.17695,48.83744,-78.0144,31.05851,41.82034,-72.87884,35.86585,32.52245,-68.3883,17.20709,39.90474,-57.11184,38.35427,26.56167,-64.91595
0.06946947,24.52374,53.4454,-77.96914,24.26661,52.74524,-77.01185,26.89719,50.71762,-77.61481,28.96043,43.68228,-72.64271,34.01048,34.39916,-68.40964,15.4238,41.23347,-56.65727,36.66528,28.41921,-65.0845
0.06956957,22.1303,55.26896,-77.39926,21.90925,54.54426,-76.45351,24.59798,52.54034,-77.13832,26.83684,45.49751,-72.33434,32.12213,36.24065,-68.36277,13.62653,42.5198,-56.14633,34.94146,30.24681,-65.18827
0.06966967,19.71777,57.03541,-76.75318,19.53336,56.28656,-75.81992,22.28102,54.30511,-76.58614,24.68992,47.2649,-71.95481,30.203,38.04548,-68.24848,11.81732,43.76282,-55.58013,33.18488,32.043,-65.22787
0.06976977,17.28898,58.74554,-76.03452,17.14169,57.97297,-75.11465,19.94843,56.01328,-75.96172,22.52243,48.98483,-71.50726,28.25612,39.81342,-68.06955,9.998428,44.96298,-54.9614,31.39849,33.80732,-65.20581
0.06986987,14.84502,60.39416,-75.23917,14.73524,59.5984,-74.33364,17.60063,57.66023,-75.26086,20.33498,50.65267,-70.98766,26.28159,41.5403,-67.82188,8.171017,46.11626,-54.28728,29.58209,35.53594,-65.11803
0.06996997,12.38824,61.9796,-74.36784,12.31629,61.16127,-73.47757,15.23916,59.24496,-74.48412,18.12965,52.26673,-70.39639,24.28149,43.22414,-67.50563,6.337113,47.22128,-53.55839,27.73759,37.22693,-64.96452
0.07007007,9.921261,63.50335,-73.42461,9.88734,62.66313,-72.55047,12.86592,60.76953,-73.63545,15.90906,53.82806,-69.73711,22.25881,44.86525,-67.12406,4.498757,48.27905,-52.7778,25.8679,38.88037,-64.74828
0.07017017,7.446004,64.96229,-72.40829,7.450202,64.10095,-71.55116,10.48195,62.23154,-72.71349,13.6747,55.33374,-69.00845,20.21491,46.4607,-66.67561,2.657728,49.28705,-51.94478,23.97414,40.49349,-64.46763
0.07027027,4.96471,66.35699,-71.32171,5.007025,65.47538,-70.48241,8.08882,63.63212,-71.72094,11.42878,56.78409,-68.21288,18.15223,48.01022,-66.16245,0.8157589,50.24569,-51.06144,22.05863,42.06589,-64.12452
0.07037037,2.479475,67.6863,-70.16577,2.559801,66.78531,-69.34511,5.687837,64.97074,-70.65858,9.173125,58.17789,-67.35101,16.07269,49.51225,-65.58494,-1.025352,51.15393,-50.12858,20.12313,43.59604,-63.71917
0.07047047,-0.007727177,68.94478,-68.93705,0.110383,68.02548,-68.13586,3.279888,66.24289,-69.52277,6.90907,59.51025,-66.41932,13.97728,50.96213,-64.93941,-2.863673,52.00753,-49.14386,18.16819,45.07965,-63.24784
0.07057057,-2.49458,70.1375,-67.64291,-2.338993,69.20094,-66.86195,0.8669638,67.45387,-68.32083,4.639255,60.78539,-65.42464,11.86938,52.36289,-64.23228,-4.697703,52.81034,-48.11264,16.19732,46.51929,-62.71661
0.07067067,-4.978904,71.25768,-66.27877,-4.786283,70.3051,-65.51881,-1.549979,68.59792,-67.04795,2.365059,61.99723,-64.36229,9.749909,53.70881,-63.45871,-6.525279,53.55708,-47.0318,14.21093,47.90969,-62.12062
0.07077077,-7.459077,72.31337,-64.85429,-7.229899,71.3459,-64.116,-3.969158,69.68293,-65.71378,0.08872674,63.15265,-63.24137,7.622088,55.00535,-62.62744,-8.345624,54.25392,-45.90829,12.21255,49.25567,-61.46822
0.07087087,-9.931982,73.29183,-63.35985,-9.666924,72.31092,-62.644,-6.389354,70.69772,-64.30836,-2.188046,64.24031,-62.05227,5.486612,56.24208,-61.72869,-10.15553,54.89099,-44.73546,10.20198,50.54771,-60.74969
0.07097097,-12.39648,74.20216,-61.80568,-12.09622,73.20912,-61.1129,-8.808963,71.65096,-62.842,-4.463374,65.26806,-60.80468,3.346402,57.42542,-60.77182,-11.95471,55.47534,-43.52064,8.182542,51.79151,-59.97405
0.07107107,-14.85025,75.04137,-60.19112,-14.51557,74.03762,-59.52205,-11.22642,72.5403,-61.31388,-6.735376,66.23311,-59.49773,1.203233,58.55247,-59.7557,-13.74124,56.00469,-42.26345,6.155671,52.98434,-59.14002
0.07117117,-17.2906,75.80567,-58.51507,-16.92242,74.79276,-57.87034,-13.63999,73.36263,-59.72264,-9.001989,67.13197,-58.12999,-0.9409823,59.61964,-58.67866,-15.51277,56.47611,-40.96334,4.122892,54.12286,-58.24575
0.07127127,-19.71615,76.49853,-56.78238,-19.31541,75.47797,-56.16257,-16.04816,74.12132,-58.07316,-11.26159,67.96758,-56.70599,-3.084194,60.62914,-57.54494,-17.26859,56.89236,-39.62377,2.086334,55.20897,-57.2953
0.07137137,-22.12444,77.11765,-54.99321,-21.69216,76.09106,-54.39889,-18.44903,74.8145,-56.36547,-13.51213,68.73775,-55.22562,-5.224414,61.57859,-56.35417,-19.00677,57.25177,-38.245,0.04769466,56.24042,-56.28811
0.07147148,-24.51326,77.66254,-53.14929,-24.05054,76.63154,-52.58099,-20.84066,75.44183,-54.60118,-15.75162,69.4419,-53.69028,-7.359602,62.46706,-55.10745,-20.72572,57.55405,-36.82834,-1.991171,57.21628,-55.22511
0.07157157,-26.88035,78.13262,-51.25227,-26.38836,77.09887,-50.71051,-23.221,76.00285,-52.78184,-17.97805,70.07938,-52.10132,-9.487699,63.29356,-53.80586,-22.42381,57.79889,-35.37508,-4.028387,58.13555,-54.10716
0.07167167,-29.22408,78.52917,-49.30509,-28.70399,77.49433,-48.79034,-25.5883,76.49865,-50.91034,-20.1898,70.65116,-50.46136,-11.60692,64.05871,-52.45179,-24.10002,57.98742,-33.8874,-6.062195,58.99869,-52.9365
0.07177177,-31.54071,78.84753,-47.30681,-30.99382,77.81337,-46.81955,-27.93944,76.92501,-48.98557,-22.38383,71.15295,-48.76913,-13.71457,64.75812,-51.04355,-25.75146,58.11625,-32.36479,-8.0904,59.80161,-51.7112
0.07187187,-33.82917,79.09088,-45.2617,-33.25674,78.0591,-44.80236,-30.27275,77.28458,-47.01183,-24.55885,71.58746,-47.02861,-15.80911,65.39404,-49.58494,-27.37776,58.18805,-30.81028,-10.11133,60.54625,-50.43491
0.07197198,-36.09011,79.26566,-43.17554,-35.49332,78.2378,-42.74448,-32.58786,77.58286,-44.995,-26.71485,71.9603,-45.24545,-17.89002,65.97157,-48.08155,-28.97986,58.20784,-29.22798,-12.12407,61.23719,-49.11312
0.07207207,-38.31562,79.35797,-41.04235,-37.69591,78.33587,-40.63997,-34.8785,77.80712,-42.92862,-28.84582,72.25882,-43.413,-19.95245,66.47848,-46.52602,-30.55134,58.16536,-27.61402,-14.12498,61.86308,-47.73811
0.07217217,-40.50836,79.37897,-38.87061,-39.86697,78.3642,-38.49723,-37.1455,77.967,-40.8215,-30.95314,72.4929,-41.53976,-21.99697,66.92394,-44.92697,-32.09501,58.06927,-25.97427,-16.11382,62.43228,-46.31846
0.07227227,-42.66171,79.3193,-36.65759,-42.00005,78.31361,-36.31356,-39.383,78.05356,-38.67057,-33.03152,72.65392,-39.6224,-24.01914,67.29954,-43.2804,-33.60576,57.91283,-24.30707,-18.08703,62.93687,-44.84984
0.07237237,-44.77726,79.18671,-34.40945,-44.09658,78.19164,-34.09505,-41.59113,78.07333,-36.4822,-35.08166,72.74872,-37.66706,-26.01918,67.61168,-41.59249,-35.08541,57.7021,-22.61668,-20.04425,63.38266,-43.33841
0.07247248,-46.85494,78.98463,-32.12968,-46.15645,78.0016,-31.84516,-43.76903,78.02898,-34.25995,-37.10317,72.78026,-35.67709,-27.99652,67.86309,-39.86657,-36.53425,57.43988,-20.90563,-21.98468,63.77206,-41.78739
0.07257257,-48.88481,78.69929,-29.81448,-48.1699,77.72998,-29.56008,-45.90756,77.9071,-31.99955,-39.08803,72.7358,-33.64777,-29.94454,68.04143,-38.0969,-37.94469,57.11632,-19.17163,-23.90292,64.09347,-40.19055
0.07267267,-50.87365,78.34612,-27.47247,-50.14344,77.39183,-27.24839,-48.01134,77.72146,-29.71012,-41.04105,72.62926,-31.58821,-31.86686,68.16,-36.29314,-39.32261,56.74306,-17.42045,-25.80134,64.35913,-38.55779
0.07277277,-52.8115,77.91252,-25.10102,-52.06728,76.97474,-24.90746,-50.07084,77.45943,-27.38859,-42.95409,72.44888,-29.4948,-33.75671,68.20744,-34.45073,-40.66051,56.31121,-15.6507,-27.67431,64.55828,-36.88397
0.07287287,-54.69981,77.4046,-22.7048,-53.94271,76.48463,-22.54192,-52.08616,77.12601,-25.03984,-44.82781,72.20007,-27.37226,-35.61449,68.1889,-32.57442,-41.96002,55.82556,-13.86554,-29.52168,64.69558,-35.1739
0.07297298,-56.53646,76.82265,-20.28618,-55.7676,75.92171,-20.15411,-54.05441,76.72066,-22.66626,-46.66015,71.88287,-25.22272,-37.43835,68.10442,-30.66607,-43.21992,55.28663,-12.06671,-31.34164,64.7709,-33.42925
0.07307307,-58.32029,76.168,-17.84771,-57.54069,75.28724,-17.74656,-55.97356,76.24396,-20.2704,-48.44981,71.49831,-23.0485,-39.22712,67.95499,-28.72787,-44.43964,54.69571,-10.25607,-33.13291,64.785,-31.65209
0.07317317,-60.04664,75.43767,-15.39103,-59.25732,74.57819,-15.32087,-57.83822,75.69202,-17.8538,-50.19262,71.04336,-20.85074,-40.97728,67.73772,-26.76044,-45.616,54.05099,-8.434987,-34.89219,64.73497,-29.84278
0.07327327,-61.71549,74.63471,-12.91922,-60.91738,73.79749,-12.88011,-59.64737,75.06703,-15.41966,-51.88816,70.52064,-18.63247,-42.68839,67.45515,-24.76676,-46.74938,53.35497,-6.605589,-36.61881,64.62302,-28.00421
0.07337337,-63.32434,73.75891,-10.43457,-62.51831,72.94485,-10.42654,-61.39764,74.36791,-12.97027,-53.53401,69.9297,-16.39569,-44.35836,67.10688,-22.74852,-47.83821,52.60781,-4.769596,-38.31067,64.44859,-26.13792
0.07347348,-64.87128,72.81086,-7.939576,-64.05814,72.02077,-7.962631,-63.08625,73.59438,-10.50813,-55.12821,69.27084,-14.14263,-45.98553,66.69326,-20.70774,-48.88142,51.81023,-2.928819,-39.96602,64.21179,-24.24577
0.07357357,-66.35201,71.78854,-5.436519,-65.53252,71.02316,-5.490644,-64.70796,72.74346,-8.035503,-56.66676,68.54191,-11.87515,-47.56649,66.21225,-18.64576,-49.87617,50.96113,-1.084961,-41.58162,63.91047,-22.32885
0.07367367,-67.77126,70.69977,-2.928507,-66.94605,69.95971,-3.013655,-66.26677,71.82246,-5.55569,-58.15328,67.74998,-9.596701,-49.10421,65.67074,-16.56653,-50.82609,50.06622,0.7598714,-43.15972,63.551,-20.39128
0.07377377,-69.1227,69.5401,-0.4174099,-68.2924,68.8259,-0.5335061,-67.75548,70.8259,-3.070419,-59.58211,66.89061,-7.308495,-50.59392,65.06448,-14.47056,-51.72681,49.12271,2.604102,-44.69587,63.12911,-18.43324
0.07387388,-70.40305,68.30896,2.094084,-69.56821,67.62107,1.947141,-69.16985,69.75222,-0.5823667,-60.95007,65.96291,-5.01285,-52.0329,64.39269,-12.3598,-52.57621,48.13047,4.445735,-46.18738,62.6438,-16.45642
0.07397398,-71.60941,67.00624,4.603173,-70.77056,66.34505,4.42551,-70.50612,68.60046,1.905656,-62.25426,64.96651,-2.712248,-53.41867,63.65504,-10.23636,-53.37244,47.08972,6.282728,-47.63172,62.09447,-14.46275
0.07407407,-72.75,65.64201,7.107997,-71.90751,65.00777,6.899748,-71.77241,67.38094,4.391468,-63.50146,63.91078,-0.4093256,-54.75681,62.86053,-8.103723,-54.12156,46.00745,8.114111,-49.03357,61.4897,-12.45613
0.07417417,-73.81181,64.20663,9.605179,-72.96609,63.59956,9.36653,-72.9543,66.08225,6.872045,-64.68002,62.78611,1.893912,-56.03751,62.00001,-5.962496,-54.81438,44.87745,9.936933,-50.38387,60.82027,-10.43641
0.07427427,-74.79509,62.70302,12.09207,-73.94646,62.12323,11.82323,-74.05148,64.70684,9.344647,-65.78978,61.59495,4.194831,-57.26052,61.07581,-3.815296,-55.45122,43.70184,11.74938,-51.68205,60.08821,-8.40616
0.07437438,-75.70696,61.13952,14.56744,-74.8557,60.58707,14.26863,-75.07128,63.26349,11.80779,-66.83667,60.34514,6.491529,-58.43069,60.09544,-1.664749,-56.03726,42.48639,13.55087,-52.93226,59.30066,-6.368396
0.07447448,-76.54596,59.51669,17.02927,-75.69228,58.99155,16.70072,-76.01178,61.75229,14.25949,-67.81911,59.03691,8.782205,-59.54663,59.05912,0.4875099,-56.57147,41.23167,15.33981,-54.133,58.45763,-4.324636
0.07457457,-77.30606,57.8318,19.47426,-76.45016,57.3339,19.11625,-76.8661,60.16954,16.69656,-68.7315,57.66727,11.06422,-60.60345,57.96393,2.639525,-57.04963,39.93602,17.11362,-55.27955,57.55599,-2.276441
0.07467467,-77.97983,56.08159,21.89824,-77.12189,55.61077,21.51111,-77.62586,58.51086,19.115,-69.56683,56.23258,13.33425,-61.59511,56.80631,4.7888,-57.46651,38.59744,18.86907,-56.36605,56.59188,-0.2258326
0.07477477,-78.57427,54.27371,24.30056,-77.71445,53.8298,23.88465,-78.29863,56.78471,21.51392,-70.33104,54.7401,15.59095,-62.5264,55.59311,6.933294,-57.82711,37.22108,20.60604,-57.39668,55.5719,1.82478
0.07487488,-79.08945,52.41021,26.67923,-78.22786,51.99297,26.23489,-78.8844,54.99309,23.89131,-71.02388,53.19151,17.83236,-63.39694,54.32585,9.071086,-58.13144,35.80835,22.32308,-58.37083,54.49733,3.873506
0.07497498,-79.52236,50.4911,29.03126,-78.65915,50.10028,28.55886,-79.37991,53.13568,26.24423,-71.64236,51.58648,20.05589,-64.20396,53.00406,11.19991,-58.37733,34.35938,24.01796,-59.28572,53.36742,5.918306
0.07507508,-79.86945,48.51634,31.35311,-79.00473,48.15163,30.8531,-79.78133,51.21206,28.56926,-72.18295,49.92451,22.25844,-64.94419,51.62705,13.31714,-58.56219,32.87419,25.68801,-60.13803,52.18121,7.95682
0.07517517,-80.13567,46.49126,33.64442,-79.26958,46.15236,33.11722,-80.09423,49.22836,30.86587,-72.64983,48.21066,24.43918,-65.62095,50.19954,15.42141,-58.68947,31.35633,27.33314,-60.93067,50.94324,9.987429
0.07527527,-80.32076,44.41766,35.9031,-79.45343,44.10425,35.34918,-80.31853,47.18652,33.13202,-73.04253,46.4464,26.59613,-66.23355,48.72272,17.51083,-58.75887,29.80701,28.95185,-61.66278,49.65449,12.00829
0.07537538,-80.41895,42.29438,38.12457,-79.55055,42.00611,37.54445,-80.44823,45.08498,35.36325,-73.35547,44.63005,28.72541,-66.77686,47.19468,19.58218,-58.76616,28.22552,30.54064,-62.32932,48.31268,14.01663
0.07547548,-80.43347,40.12556,40.30791,-79.5642,39.86209,39.70212,-80.48724,42.92862,37.55862,-73.59133,42.76548,30.82585,-67.25284,45.61885,21.63398,-58.71354,26.61457,32.09896,-62.93193,46.92113,16.01081
0.07557558,-80.36665,37.91451,42.45215,-79.49673,37.67551,41.82122,-80.43845,40.72139,39.71707,-73.75202,40.85576,32.89627,-67.6628,43.99796,23.66485,-58.60251,24.97632,33.62619,-63.47171,45.48237,17.98934
0.07567567,-80.21776,35.66289,44.55487,-79.34743,35.44806,43.89937,-80.3015,38.46526,41.83624,-73.8366,38.90218,34.93442,-68.00558,42.33291,25.67267,-58.4324,23.31185,35.12054,-63.94736,43.99715,19.95022
0.07577577,-79.97916,33.36957,46.60959,-79.10876,33.17857,45.93019,-80.06885,36.15894,43.9099,-73.83774,36.90293,36.93481,-68.27421,40.62135,27.65286,-58.19753,21.62039,36.57714,-64.35205,42.46261,21.88944
0.07587588,-79.66683,31.04381,48.62302,-78.79668,30.87639,47.92029,-79.75797,33.81361,45.94436,-73.77004,34.86765,38.90239,-68.48132,38.87272,29.60861,-57.9093,19.90802,38.00128,-64.69775,40.88855,23.80919
0.07597598,-79.26548,28.68135,50.58413,-78.39602,28.53724,49.85878,-79.35334,31.42429,47.92905,-73.619,32.79097,40.82802,-68.61347,37.08091,31.53257,-57.55644,18.17199,39.38446,-64.97137,39.26815,25.70323
0.07607608,-78.78675,26.28926,52.49749,-77.91842,26.16823,51.75019,-78.86788,28.99962,49.86826,-73.39529,30.68027,42.71502,-68.67978,35.25299,33.42679,-57.14722,16.41677,40.73045,-65.18159,37.60872,27.57287
0.07617617,-78.22537,23.8678,54.35757,-77.35872,23.76968,53.58904,-78.29678,26.54013,51.75665,-73.09376,28.53518,44.55858,-68.67507,33.38794,35.28713,-56.67761,14.64259,42.03503,-65.32327,35.90885,29.41442
0.07627628,-77.58302,21.4201,56.16292,-76.71867,21.34475,55.37392,-77.64256,24.0498,53.59277,-72.71574,26.35858,46.35716,-68.60004,31.48811,37.11192,-56.14866,12.85143,43.29723,-65.39697,34.17077,31.2262
0.07637638,-76.86463,18.94997,57.91467,-76.0032,18.89727,57.10593,-76.91095,21.53329,55.37765,-72.26566,24.15424,48.11143,-68.45827,29.55696,38.90131,-55.56379,11.0458,44.51799,-65.40604,32.39799,33.00805
0.07647648,-76.06475,16.45841,59.60634,-75.20701,16.4283,58.77871,-76.09723,18.99216,57.10507,-71.73817,21.92247,49.8157,-68.24421,27.59387,40.65034,-54.91882,9.226362,45.69246,-65.34499,30.58948,34.75551
0.07657658,-75.19247,13.95012,61.24236,-74.33919,13.94259,60.3966,-75.21133,16.43214,58.77919,-71.14171,19.6683,51.4734,-67.96523,25.60383,42.3614,-54.2203,7.396163,46.82414,-65.22089,28.75051,36.47038
0.07667667,-74.23801,11.42569,62.81232,-73.39011,11.44079,61.94933,-74.24432,13.85434,60.38998,-70.4667,17.39121,53.07549,-67.61166,23.58496,44.0267,-53.46078,5.555638,47.90514,-65.02423,26.87851,38.14572
0.07677678,-73.21037,8.889618,64.32075,-72.36881,8.92742,63.44139,-73.20599,11.26423,61.94176,-69.72157,15.09607,54.6255,-67.1909,21.54212,45.64878,-52.64679,3.707707,48.93909,-64.76212,24.97866,39.78346
0.07687688,-72.11826,6.345335,65.77293,-71.28394,6.405944,64.87799,-72.10538,8.665845,63.43953,-68.91449,12.7868,56.12769,-66.7103,19.47941,47.2309,-51.78473,1.854679,49.93005,-64.44169,23.0554,41.38629
0.07697698,-70.94836,3.794015,67.15434,-70.12241,3.877608,66.2448,-70.93047,6.061159,64.86932,-68.03242,10.46297,57.56945,-66.15665,17.39451,48.76215,-50.86449,-0.002547662,50.86703,-64.04993,21.1055,42.94442
0.07707708,-69.70943,1.239291,68.47015,-68.89299,1.346075,67.54691,-69.6905,3.45447,66.23602,-67.08365,8.128729,58.95492,-65.53738,15.29171,50.24567,-49.89253,-1.861594,51.75413,-63.59403,19.1336,44.46043
0.07717717,-68.40386,-1.316003,69.71987,-67.59808,-1.185788,68.78387,-68.38836,0.8492129,67.53915,-66.07026,5.786796,60.28346,-64.85394,13.17332,51.68062,-48.87054,-3.720493,52.59103,-63.07536,17.14199,45.93336
0.07727728,-67.0309,-3.869054,70.89995,-66.23703,-3.715122,69.95215,-67.02409,-1.751101,68.7752,-64.99134,3.439578,61.55176,-64.10482,11.04097,53.06385,-47.79787,-5.577312,53.37518,-62.49237,15.13212,47.36024
0.07737738,-65.59348,-6.417037,72.01051,-64.81281,-6.239076,71.05188,-65.6011,-4.343142,69.94424,-63.84957,1.089879,62.75969,-63.29207,8.897133,54.39494,-46.67665,-7.430098,54.10675,-61.84699,13.10649,48.74051
0.07747748,-64.09299,-8.957114,73.05011,-63.32685,-8.754783,72.08163,-64.12126,-6.923557,71.04482,-62.6461,-1.25965,63.90575,-62.41627,6.743964,55.67231,-45.50792,-9.276852,54.78477,-61.13974,11.06717,50.07257
0.07757758,-62.52832,-11.48579,74.01411,-61.77814,-11.25871,73.03685,-62.58422,-9.488177,72.0724,-61.37962,-3.606049,64.98567,-61.47538,4.583481,56.8919,-44.29079,-11.11506,55.40585,-60.36856,9.015957,51.3526
0.07767767,-60.9045,-14.00067,74.90517,-60.17167,-13.74846,73.92013,-60.99505,-12.03442,73.02946,-60.05486,-5.946655,66.00152,-60.47367,2.418429,58.05524,-43.02907,-12.94303,55.9721,-59.53753,6.955757,52.58178
0.07777778,-59.22672,-16.50028,75.72701,-58.51258,-16.22256,74.73514,-59.35872,-14.56082,73.91955,-58.67676,-8.279601,66.95636,-59.41579,0.2510008,59.16478,-41.72671,-14.75969,56.48639,-58.6512,4.889018,53.76218
0.07787788,-57.49217,-18.98056,76.47272,-56.79815,-18.67694,75.4751,-57.67321,-17.06269,74.73591,-57.24228,-10.60165,67.84393,-58.29795,-1.916763,60.21472,-40.38168,-16.56197,56.94365,-57.70576,2.817393,54.88837
0.07797798,-55.70341,-21.43896,77.14238,-55.03098,-21.10906,76.14004,-55.94118,-19.53733,75.47851,-55.75377,-12.91025,68.66402,-57.12207,-4.08253,61.2046,-38.99598,-18.34803,57.34401,-56.70301,0.7432238,55.95979
0.07807808,-53.86322,-23.87319,77.7364,-53.21378,-23.5166,76.73038,-54.16531,-21.98238,76.1477,-54.21375,-15.20306,69.41681,-55.89027,-6.244042,62.13431,-37.57179,-20.11613,57.68792,-55.64499,-1.33118,56.97617
0.07817817,-51.97354,-26.28069,78.25423,-51.34853,-25.89706,77.24558,-52.34752,-24.39531,76.74283,-52.62397,-17.47762,70.10159,-54.60388,-8.399076,63.00295,-36.1107,-21.86436,57.97507,-54.5329,-3.403609,57.93651
0.07827828,-50.03526,-28.65826,78.69353,-49.4361,-28.24723,77.68333,-50.48873,-26.7728,77.26153,-50.98505,-19.73099,70.71604,-53.26303,-10.54516,63.8082,-34.61355,-23.59026,58.20381,-53.36681,-5.471723,58.83853
0.07837838,-48.05109,-31.00379,79.05489,-47.47916,-30.56504,78.0442,-48.59134,-29.11295,77.70428,-49.29946,-21.96103,71.26048,-51.86993,-12.68013,64.55006,-33.08254,-25.29217,58.37471,-52.14878,-7.533329,59.68211
0.07847848,-46.02374,-33.31541,79.33916,-45.48036,-32.84866,78.32902,-46.65768,-31.41414,78.07182,-47.56969,-24.16578,71.73547,-50.42686,-14.80196,65.22882,-31.51987,-26.96862,58.48849,-50.88097,-9.586336,60.46731
0.07857858,-43.95493,-35.5907,79.54563,-43.4414,-35.0957,78.5371,-44.68916,-33.67418,78.36334,-45.79724,-26.34292,72.14016,-48.93501,-16.90844,65.84344,-29.92707,-28.61768,58.54474,-49.56448,-11.62858,61.19306
0.07867867,-41.84491,-37.82539,79.6703,-41.36252,-37.30194,78.66446,-42.68588,-35.88892,78.5748,-43.98201,-28.48868,72.47069,-47.39375,-18.99642,66.39017,-28.30458,-30.23603,58.54061,-48.19851,-13.65719,61.8557
0.07877878,-39.69928,-40.02121,79.72049,-39.24917,-39.46919,78.71835,-40.65241,-38.06087,78.71327,-42.12953,-30.60398,72.73351,-45.80906,-21.06564,66.87469,-26.65676,-31.82486,58.48162,-46.78891,-15.67146,62.46037
0.07887888,-37.51817,-42.17405,79.69222,-37.10145,-41.59337,78.69482,-38.5886,-40.18612,78.77472,-40.23959,-32.6852,72.9248,-44.18021,-23.11304,67.29326,-24.98401,-33.38091,58.36491,-45.33485,-17.66859,63.00344
0.07897898,-35.30297,-44.28103,79.584,-34.9207,-43.67167,78.59238,-36.49534,-42.26221,78.75755,-38.31328,-34.72967,73.04295,-42.50807,-25.1361,67.64417,-23.28769,-34.90183,58.18952,-43.83698,-19.6462,63.48318
0.07907908,-33.05566,-46.33977,79.39542,-32.70885,-45.70179,78.41064,-34.37395,-44.28732,78.66126,-36.35234,-36.73507,73.08742,-40.7942,-27.13246,67.92666,-21.56953,-36.38575,57.95528,-42.29675,-21.60196,63.8987
0.07917918,-30.78147,-48.35381,79.13528,-30.47092,-47.68732,78.15825,-32.2286,-46.26577,78.49437,-34.36203,-38.704,73.06603,-39.04459,-29.10322,68.14781,-19.83346,-37.83524,57.6687,-40.72003,-23.53651,64.25654
0.07927928,-28.47719,-50.31193,78.78912,-28.2038,-49.61717,77.82097,-30.05586,-48.18664,78.24251,-32.33838,-40.62693,72.96532,-37.2539,-31.0409,68.2948,-18.07781,-39.24155,57.31936,-39.10116,-25.44329,64.54444
0.07937938,-26.14868,-52.21948,78.36816,-25.9131,-51.49672,77.40982,-27.86044,-50.05612,77.91656,-30.28734,-42.50799,72.79533,-35.42908,-32.94776,68.37684,-16.30691,-40.60863,56.91554,-37.44704,-27.32394,64.77097
0.07947948,-23.79824,-54.07621,77.87445,-23.60106,-53.32579,76.92684,-25.64392,-51.87454,77.51846,-28.21107,-44.34675,72.55782,-33.57245,-34.82291,68.39536,-14.52271,-41.93615,56.45886,-35.75986,-29.17747,64.93733
0.07957958,-21.42522,-55.8737,77.29892,-21.26697,-55.0961,76.36307,-23.40488,-53.6342,77.03908,-26.10821,-46.13591,72.24412,-31.68183,-36.66016,68.34198,-12.72533,-43.2175,55.94283,-34.03707,-30.99836,65.03543
0.07967968,-19.03283,-57.6126,76.64542,-18.91393,-56.80836,75.7223,-21.14564,-55.33647,76.48211,-23.98189,-47.87571,71.8576,-29.76067,-38.45894,68.21961,-10.91726,-44.45311,55.37037,-32.28199,-32.7859,65.06788
0.07977978,-16.6238,-59.2938,75.91759,-16.54455,-58.46355,75.0081,-18.86814,-56.98285,75.85099,-21.8347,-49.56673,71.40143,-27.81194,-40.2191,68.03104,-9.100656,-45.64356,54.74422,-30.49743,-34.53974,65.03717
0.07987988,-14.20079,-60.91911,75.1199,-14.16137,-60.06352,74.22489,-16.57442,-58.57565,75.15007,-19.66928,-51.2103,70.87959,-25.8387,-41.94116,67.77986,-7.277554,-46.79017,54.06772,-28.6864,-36.26022,64.94662
0.07997998,-11.76404,-62.47955,74.2436,-11.76455,-61.59945,73.36401,-14.26356,-60.10688,74.37044,-17.48502,-52.79858,70.2836,-23.83959,-43.61821,67.45779,-5.448848,-47.88583,53.33467,-26.84703,-37.94108,64.78811
0.08008008,-9.316437,-63.9762,73.29264,-9.356864,-63.0725,72.42936,-11.93772,-61.57823,73.51595,-15.28471,-54.33228,69.61699,-21.81777,-45.25013,67.0679,-3.616685,-48.93137,52.54805,-24.98238,-39.58208,64.56446
0.08018018,-6.86023,-65.40913,72.26936,-6.940467,-64.48278,71.42325,-9.598523,-62.99026,72.58878,-13.07045,-55.81127,68.88172,-19.77559,-46.83627,66.61185,-1.782821,-49.92681,51.70963,-23.0946,-41.1825,64.27711
0.08028028,-4.397571,-66.77792,71.17549,-4.517407,-65.82995,70.34735,-7.247442,-64.34306,71.5905,-10.84415,-57.23502,68.07917,-17.71514,-48.37565,66.09079,0.05097914,-50.87175,50.82077,-21.18563,-42.74134,63.92698
0.08038038,-1.930502,-68.08154,70.01204,-2.089632,-67.11304,69.20267,-4.885858,-65.63615,70.52201,-8.607605,-58.60248,67.21008,-15.63831,-49.86687,65.50518,1.883068,-51.76538,49.88231,-19.25715,-44.25724,63.51439
0.08048048,0.5389181,-69.32265,68.78373,0.3408672,-68.33474,67.99387,-2.515598,-66.87232,69.38792,-6.362938,-59.9158,66.27874,-13.54767,-51.31133,64.859,3.712048,-52.60978,48.89774,-17.3117,-45.73135,63.04305
0.08058058,3.008691,-70.49144,67.48275,2.772239,-69.48544,66.7132,-0.1371483,-68.04306,68.18021,-4.111068,-61.16634,65.2774,-11.44344,-52.701,64.14443,5.535676,-53.39729,47.86161,-15.34883,-47.15635,62.50519
0.08068068,5.476364,-71.58812,66.11176,5.202111,-70.56542,65.3633,2.247453,-69.14888,66.90143,-1.854285,-62.35407,64.20836,-9.328097,-54.03532,63.36342,7.352216,-54.12815,46.77593,-13.37088,-48.53167,61.90254
0.08078078,7.940104,-72.61949,64.67938,7.62866,-71.58136,63.9527,4.63591,-70.19612,65.56021,0.4050841,-63.48479,63.0797,-7.204711,-55.31897,62.52368,9.160861,-54.80777,45.64691,-11.38111,-49.86137,61.24247
0.08088088,10.39773,-73.58148,63.18375,10.04981,-72.52932,62.47951,7.026803,-71.1813,64.1545,2.665439,-64.5548,61.88936,-5.074667,-56.54827,61.62294,10.95969,-55.43303,44.47334,-9.380543,-51.14207,60.52261
0.08098098,12.84713,-74.4734,61.62627,12.4635,-73.40863,60.94513,9.418329,-72.10391,62.68559,4.924903,-65.56335,60.63844,-2.939888,-57.72216,60.66205,12.74715,-56.00348,43.25633,-7.370914,-52.3727,59.74361
0.08108108,15.28549,-75.29048,60.005,14.86705,-74.21467,59.34762,11.80848,-72.95982,61.15134,7.181363,-66.50609,59.32473,-0.8022156,-58.83634,59.63855,14.52082,-56.51553,41.99471,-5.353617,-53.54927,58.90289
0.08118118,17.71142,-76.0375,58.32608,17.25904,-74.9521,57.69306,14.19532,-73.75327,59.55795,9.433055,-67.38708,57.95402,1.336162,-59.89409,58.55793,16.28021,-56.97305,40.69283,-3.331,-54.67469,58.00569
0.08128128,20.1219,-76.70964,56.58774,19.63656,-75.61625,55.97969,16.57644,-74.47991,57.90347,11.67764,-68.20193,56.52428,3.473238,-60.89108,57.41784,18.0229,-57.3725,39.34959,-1.30463,-55.74489,57.04952
0.08138138,22.51472,-77.30734,54.79262,21.99741,-76.20752,54.21011,18.9495,-75.13998,56.19047,13.91304,-68.95085,55.0378,5.606874,-61.82717,56.22029,19.74745,-57.71441,37.96696,0.7234814,-56.75967,56.03619
0.08148148,24.88894,-77.83473,52.9458,24.34063,-76.72997,52.38934,21.31291,-75.73698,54.42407,16.13797,-69.63736,53.49939,7.735471,-62.70536,54.96989,21.45359,-58.00216,36.54858,2.751549,-57.72164,54.97009
0.08158159,27.24064,-78.28536,51.04472,26.66241,-77.17726,50.51486,23.66342,-76.26491,52.60149,18.34942,-70.25557,51.90614,9.856558,-63.51992,53.66336,23.13819,-58.23101,35.09282,4.777669,-58.62547,53.8478
0.08168168,29.56758,-78.65946,49.09188,28.9605,-77.54961,48.58911,25.99844,-76.72362,50.72518,20.54526,-70.8055,50.26024,11.96803,-64.27062,52.30259,24.79986,-58.40138,33.60152,6.799862,-59.47086,52.67099
0.08178178,31.86815,-78.95894,47.09079,31.2333,-77.84885,46.61556,28.31583,-77.11447,48.79865,22.72379,-71.28869,48.5649,14.06815,-64.95869,50.89055,26.43775,-58.515,32.07724,8.816314,-60.25877,51.44246
0.08188188,34.14087,-79.18526,45.04439,33.47927,-78.0764,44.59713,30.61358,-77.43842,46.82483,24.88347,-71.70628,46.82281,16.15532,-65.58504,49.42973,28.05106,-58.5732,30.52214,10.82542,-60.98996,50.16454
0.08198198,36.38203,-79.33446,42.95243,35.69479,-78.22836,42.53357,32.88803,-77.69138,44.80334,27.02119,-72.05453,45.03334,18.2269,-66.146,47.9191,29.63709,-58.57328,28.93619,12.82494,-61.66092,48.83598
0.08208209,38.58929,-79.40657,40.81728,37.87748,-78.30469,40.42722,35.1363,-77.87284,42.73655,29.13471,-72.33331,43.1986,20.28081,-66.64126,46.36045,31.19443,-58.51555,27.32113,14.81283,-62.27121,47.45839
0.08218218,40.76143,-79.40359,38.64217,40.02608,-78.30733,38.28124,37.35651,-77.98414,40.62763,31.2227,-72.54419,41.3215,22.31568,-67.07223,44.75655,32.72243,-58.40177,25.67933,16.78766,-62.82204,46.03438
0.08228228,42.89466,-79.32252,36.42785,42.13684,-78.23325,36.09641,39.54456,-78.02183,38.47727,33.28183,-72.68426,39.40243,24.32866,-67.43603,43.10736,34.21852,-58.23,24.01148,18.74687,-63.31056,44.56369
0.08238238,44.99002,-79.1694,34.17937,44.21067,-78.08837,33.87771,41.70043,-77.99109,36.29066,35.31242,-72.75882,37.4464,26.31973,-67.73763,41.4179,35.68394,-58.00502,22.32107,20.68997,-63.74126,43.05129
0.08248248,47.03817,-78.93148,31.89331,46.23836,-77.86011,31.62175,43.81505,-77.87907,34.06402,37.30689,-72.75606,35.44916,28.2827,-67.9657,39.683,37.11168,-57.71774,20.60607,22.6119,-64.10345,41.49155
0.08258259,49.04562,-78.62425,29.57863,48.22622,-77.56361,29.3374,45.89326,-77.69999,31.80672,39.26979,-72.68987,33.42007,30.22091,-68.13344,37.91253,38.50731,-57.37981,18.8725,24.51471,-64.40926,39.89454
0.08268268,51.00797,-78.24348,27.23551,50.16986,-77.19469,27.02484,47.9304,-77.44919,29.51879,41.19736,-72.5562,31.35884,32.13118,-68.23695,36.10577,39.86769,-56.98839,17.1207,26.39564,-64.6549,38.25926
0.08278278,52.91549,-77.77769,24.8622,52.05963,-76.74194,24.68231,49.91655,-77.11468,27.19813,43.08141,-72.34424,29.26283,34.00681,-68.26588,34.25908,41.18562,-56.53546,15.34984,28.24892,-64.83049,36.58157
0.08288288,54.7736,-77.23895,22.46534,53.90081,-76.21722,22.31641,51.85593,-76.70764,24.85171,44.92586,-72.06487,27.13901,35.85072,-68.23061,32.37988,42.46569,-56.03006,13.56437,30.0765,-64.94559,34.86909
0.08298298,56.58044,-76.62752,20.04708,55.69147,-75.62072,19.92924,53.74605,-76.22773,22.48168,46.72881,-71.7181,24.98929,37.66123,-68.1311,30.46987,43.70674,-55.47261,11.76588,31.87667,-65.00001,33.12333
0.08308309,58.33414,-75.94371,17.60957,57.42973,-74.95269,17.52296,55.58447,-75.67467,20.0902,48.48841,-71.30402,22.81562,39.4367,-67.96742,28.53073,44.90763,-54.86359,9.955959,33.64778,-64.99364,31.34587
0.08318318,60.02407,-75.17677,15.15269,59.105,-74.20242,15.09742,57.36002,-75.0368,17.67679,50.19551,-70.81232,20.6168,41.16953,-67.72973,26.5602,46.06065,-54.19561,8.134956,35.38311,-64.91694,29.53383
0.08328328,61.65631,-74.33775,12.68143,60.72323,-73.3808,12.65757,59.07801,-74.32476,15.24675,51.85473,-70.25304,18.39831,42.86332,-67.42759,24.56427,47.17065,-53.47678,6.306133,37.08535,-64.77881,27.69346
0.08338338,63.22966,-73.42781,10.19815,62.28318,-72.48891,10.20573,60.73673,-73.53919,12.80246,53.46472,-69.62704,16.16232,44.51683,-67.06181,22.54497,48.23693,-52.70813,4.471208,38.75312,-64.57981,25.82668
0.08348348,64.74249,-72.44755,7.705068,63.78317,-71.52729,7.744123,62.33403,-72.68018,10.34615,55.0238,-68.93465,13.91085,46.12854,-66.63264,20.5041,49.25846,-51.89027,2.631816,40.38487,-64.32003,23.93516
0.08358359,66.18264,-71.38616,5.203529,65.21113,-70.48517,5.274037,63.85702,-71.73578,7.878762,56.52132,-68.1653,11.64398,47.68951,-66.12999,18.44048,50.22648,-51.01591,0.789429,41.97252,-63.98953,22.01702
0.08368368,67.56478,-70.26233,2.697551,66.58154,-69.38103,2.79948,65.3203,-70.7252,5.404902,57.96939,-67.33649,9.3671,49.20959,-65.57052,16.36093,51.15194,-50.09819,-1.053742,43.52437,-63.60417,20.0798
0.08378378,68.87097,-69.05967,0.1886988,67.87657,-68.19855,0.3219738,66.70502,-69.63058,2.925559,59.35235,-66.4323,7.079953,50.67562,-64.93893,14.26331,52.02183,-49.12597,-2.895856,45.0286,-63.14897,18.12037
0.08388388,70.1134,-67.79322,-2.320184,69.10828,-66.95263,-2.155648,68.02349,-68.46754,0.4440484,60.68033,-65.46685,4.786524,52.09585,-64.24866,12.15281,52.8452,-48.10977,-4.735427,46.4922,-62.63671,16.14451
0.08398399,71.28177,-66.45522,-4.826555,70.2664,-65.63552,-4.630885,69.26477,-67.22736,-2.03741,61.94411,-64.43237,2.48826,53.4624,-63.49218,10.02978,53.61461,-47.0444,-6.570204,47.90793,-62.0599,14.15197
0.08408409,72.37701,-65.04906,-7.327945,71.35186,-64.25056,-7.101297,70.42964,-65.91336,-4.516284,63.14417,-63.33183,0.1876504,54.77547,-62.67223,7.896764,54.33081,-45.93234,-8.398468,49.27568,-61.42096,12.14528
0.08418418,73.40395,-63.58142,-9.822535,72.36943,-62.80435,-9.565075,71.52304,-64.53247,-6.99057,64.28446,-62.17139,-2.113064,56.03817,-61.79462,5.756459,54.99737,-44.77825,-10.21912,50.59803,-60.72541,10.12737
0.08428428,74.34678,-62.04085,-12.30593,73.30337,-61.28547,-12.0179,72.52833,-63.07197,-9.456359,65.35075,-60.93958,-4.411169,57.23824,-60.84809,3.609862,55.60284,-43.57442,-12.02842,51.86364,-59.96191,8.098273
0.08438438,75.22195,-60.44365,-14.7783,74.17004,-59.71014,-14.45991,73.46278,-61.5495,-11.91327,66.35728,-59.65207,-6.705212,58.3875,-59.84764,1.46013,56.15918,-42.33203,-13.82715,53.08304,-59.14509,6.062055
0.08448449,76.02031,-58.78426,-17.23605,74.96036,-58.07278,-16.88758,74.3168,-59.95875,-14.35804,67.29568,-58.30303,-8.992653,59.47865,-58.78746,-0.6911938,56.65971,-41.04745,-15.61225,54.24932,-58.26899,4.019671
0.08458459,76.73601,-57.06051,-19.6755,75.66849,-56.37123,-19.29726,75.08441,-58.29729,-16.78712,68.16046,-56.89,-11.27046,60.50665,-57.66487,-2.841781,57.10019,-39.71922,-17.38096,55.35769,-57.33072,1.973033
0.08468468,77.37567,-55.27987,-22.0958,76.30106,-54.61293,-21.68812,75.77274,-56.57328,-19.19947,68.95725,-55.42005,-13.5372,61.47604,-56.48652,-4.989521,57.4854,-38.35246,-19.13295,56.41208,-56.33669,-0.07539134
0.08478478,77.93834,-53.44361,-24.49473,76.8571,-52.79915,-24.05795,76.38098,-54.7881,-21.59288,69.68494,-53.89413,-15.7908,62.38559,-55.25309,-7.132492,57.8146,-36.94804,-20.86655,57.41119,-55.28739,-2.123799
0.08488488,78.41673,-51.54896,-26.86777,77.32944,-50.92712,-26.40232,76.90188,-52.93877,-23.9631,70.33671,-52.30908,-18.02763,63.22903,-53.96112,-9.267909,58.08242,-35.50416,-22.57826,58.34902,-54.1791,-4.169923
0.08498499,78.81963,-49.60411,-29.21553,77.72681,-49.00501,-28.7218,77.34483,-51.03436,-26.31047,70.92024,-50.67282,-20.24742,64.01272,-52.61812,-11.3946,58.2952,-34.02634,-24.26886,59.2313,-53.01922,-6.212086
0.08508509,79.1398,-47.60641,-31.53339,78.04206,-47.03021,-31.01185,77.70274,-49.07212,-28.63062,71.42874,-48.9823,-22.44644,64.73036,-51.2207,-13.50966,58.44757,-32.51284,-25.93472,60.052,-51.80407,-8.247932
0.08518519,79.37923,-45.55951,-33.81973,78.27722,-45.00636,-33.27086,77.97809,-47.05621,-30.92188,71.86378,-47.24084,-24.62295,65.38294,-49.77174,-15.6112,58.54089,-30.96612,-27.57477,60.81187,-50.53639,-10.27548
0.08528528,79.54259,-43.46815,-36.07443,78.43694,-42.93822,-35.49871,78.17603,-44.99202,-33.18401,72.2294,-45.45301,-26.77639,65.97368,-48.27549,-17.69819,58.57848,-29.38939,-29.18909,61.51379,-49.22033,-12.29347
0.08538538,79.61854,-41.32828,-38.29026,78.51005,-40.82176,-37.68828,78.28559,-42.87543,-35.41017,72.51501,-43.61411,-28.90091,66.49269,-46.7266,-19.76609,58.55195,-27.77988,-30.77207,62.14835,-47.85015,-14.29819
0.08548549,79.62009,-39.14913,-40.47096,78.50947,-38.66621,-39.84326,78.32037,-40.71664,-37.60373,72.7323,-41.73342,-30.99888,66.9501,-45.13422,-21.81588,58.47073,-26.14391,-32.32682,62.72489,-46.43508,-16.28981
0.08558559,79.53569,-36.92703,-42.60866,78.42384,-36.46798,-41.95587,78.26935,-38.51213,-39.75722,72.87046,-39.80659,-33.06387,67.33566,-43.49318,-23.84247,58.32623,-24.47896,-33.84726,63.23365,-44.96954,-18.26411
0.08568569,79.3754,-34.66923,-44.70618,78.26317,-34.23427,-44.0289,78.1431,-36.26994,-41.87316,72.93855,-37.84093,-35.09762,67.65716,-41.81061,-25.84655,58.12575,-22.78993,-35.33582,63.68188,-43.46074,-20.22115
0.08578578,79.13146,-32.37442,-46.75704,78.01984,-31.96387,-46.05597,77.93454,-33.98915,-43.94538,72.9292,-35.83451,-37.09469,67.90739,-40.08378,-27.82361,57.86348,-21.07591,-36.78756,64.06263,-41.90559,-22.15704
0.08588588,78.81149,-30.0482,-48.76328,77.70142,-29.66236,-48.03907,77.65166,-31.67597,-45.97569,72.84927,-33.79295,-39.05632,68.09223,-38.31816,-29.77407,57.54494,-19.34075,-38.20419,64.38136,-40.30961,-24.07175
0.08598599,78.41599,-27.69287,-50.72313,77.30852,-27.33205,-49.97646,77.29552,-29.33319,-47.96233,72.69907,-31.7183,-40.98077,68.21154,-36.51535,-31.69619,57.17044,-17.58602,-39.58442,64.63783,-38.67427,-25.96357
0.08608609,77.93979,-25.30883,-52.63095,76.83603,-24.97343,-51.8626,76.86163,-26.96171,-49.89991,72.47354,-29.61035,-42.86319,68.26013,-34.67434,-33.5858,56.73607,-15.81209,-40.92398,64.82703,-36.99826,-27.82878
0.08618619,77.38977,-22.90077,-54.489,76.29084,-22.59115,-53.69969,76.35719,-24.56673,-51.79046,72.17899,-27.47391,-44.70508,68.24344,-32.79981,-35.44362,56.24687,-14.02208,-42.22479,64.95403,-35.28635,-29.66769
0.08628628,76.758,-20.46873,-56.28926,75.6652,-20.18536,-55.47984,75.77523,-22.14892,-53.6263,71.80779,-25.30824,-46.49955,68.15371,-30.8899,-37.26381,55.69688,-12.21612,-43.48076,65.01137,-33.53625,-31.47512
0.08638639,76.05386,-18.01791,-58.03595,74.96841,-17.76121,-57.2072,75.12515,-19.71382,-55.41133,71.36855,-23.11881,-48.24974,67.99869,-28.95024,-39.04844,55.09304,-10.39775,-44.69529,65.00633,-31.75379,-33.25255
0.08648649,75.27692,-15.55038,-59.72655,74.20008,-15.3208,-58.87928,74.40699,-17.26391,-57.14307,70.86073,-20.90741,-49.95331,67.77738,-26.98209,-40.79529,54.43501,-8.568448,-45.86656,64.9379,-29.94006,-34.99784
0.08658659,74.42077,-13.06754,-61.35323,73.35399,-12.86561,-60.48838,73.61529,-14.80129,-58.814,70.27805,-18.67464,-51.60342,67.4832,-24.98483,-42.49837,53.71798,-6.7293,-46.98867,64.79967,-28.09406,-36.70561
0.08668669,73.50124,-10.57451,-62.92672,72.44572,-10.40067,-62.04506,72.76509,-12.33086,-60.43423,69.63537,-16.42656,-53.2088,67.13019,-22.96565,-44.16453,52.95376,-4.88377,-48.06999,64.60504,-26.22349,-38.38155
0.08678678,72.503,-8.071653,-64.43134,71.46032,-7.92646,-63.53386,71.8427,-9.853981,-61.98872,68.91795,-14.16198,-54.75597,66.70339,-20.92113,-45.78226,52.13097,-3.032368,-49.0986,64.33958,-24.32414,-40.01544
0.08688689,71.44126,-5.563142,-65.87812,70.41271,-5.447064,-64.96564,70.86237,-7.374444,-63.48792,68.14008,-11.88607,-56.254,66.21651,-18.85771,-47.3588,51.26096,-1.177939,-50.08303,64.01636,-22.40296,-41.6134
0.08698699,70.30681,-3.050897,-67.25591,69.29391,-2.964482,-66.32944,69.81599,-4.894919,-64.92107,67.29278,-9.599625,-57.69316,65.66013,-16.77449,-48.88564,50.33696,0.6779415,-51.0149,63.62626,-20.45852,-43.16775
0.08708709,69.10682,-0.5379179,-68.5689,68.11102,-0.481665,-67.62935,68.71033,-2.418263,-66.29208,66.38276,-7.306005,-59.07675,65.04053,-14.67526,-50.36527,49.36437,2.533178,-51.89755,63.17524,-18.49477,-44.68047
0.08718719,67.83929,1.973144,-69.81242,66.86207,1.998718,-68.86079,67.54378,0.05259171,-67.59637,65.4079,-5.007362,-60.40054,64.35513,-12.56137,-51.79375,48.34181,4.385724,-52.72753,62.66071,-16.51282,-46.14789
0.08728728,66.50929,4.479753,-70.98905,65.55209,4.474177,-70.02627,66.32101,2.515288,-68.8363,64.3729,-2.706441,-61.66646,63.60829,-10.43582,-53.17246,47.27317,6.233744,-53.50691,62.08683,-14.51579,-47.57104
0.08738739,65.11474,6.979054,-72.0938,64.17905,6.941845,-71.12089,65.04022,4.966767,-70.00699,63.27559,-0.4055862,-62.87,62.79736,-8.30016,-54.4972,46.157,8.075068,-54.23207,61.45093,-12.50496,-48.94598
0.08748749,63.66082,9.469069,-73.12989,62.74801,9.399807,-72.14782,63.70603,7.405403,-71.11143,62.12072,1.892987,-64.01371,61.92696,-6.157021,-55.76994,44.99736,9.908138,-54.90549,60.75738,-10.48309,-50.27429
0.08758759,62.14718,11.94707,-74.09425,61.25867,11.84536,-73.10402,62.31807,9.828483,-72.14655,60.90776,4.186928,-65.0947,60.99616,-4.008279,-56.98788,43.79419,11.73076,-55.52495,60.00517,-8.451873,-51.5533
0.08768769,60.57307,14.40982,-74.98289,59.71028,14.27527,-73.98555,60.87557,12.23281,-73.10838,59.6358,6.473411,-66.10921,60.0036,-1.856144,-58.14746,42.54712,13.54048,-56.0876,59.19288,-6.413286,-52.77959
0.08778778,58.94422,16.85611,-75.80033,58.10844,16.68841,-74.79685,59.38349,14.61769,-74.00117,58.3102,8.750803,-67.061,58.95462,0.2970958,-59.25171,41.26053,15.3364,-56.59693,58.3256,-4.369831,-53.95577
0.08788789,57.25816,19.28212,-76.54028,56.45075,19.08098,-75.53173,57.83931,16.9794,-74.81871,56.92832,11.01597,-67.94429,57.8461,2.449175,-60.29528,39.93292,17.11546,-57.04837,57.40017,-2.323387,-55.07678
0.08798799,55.52111,21.68736,-77.20847,54.74324,21.45259,-76.19583,56.24838,19.31806,-75.56644,55.49606,13.26789,-68.76396,56.68403,4.598206,-61.28223,38.569,18.87729,-57.4463,56.42229,-0.2761247,-56.14617
0.08808809,53.72975,24.06736,-77.7971,52.98268,23.79878,-76.78146,54.60727,21.6294,-76.23667,54.0099,15.50294,-69.51284,55.46436,6.741587,-62.20595,37.16671,20.61831,-57.78502,55.3879,1.769834,-57.15773
0.08818819,51.88835,26.4209,-78.30924,51.17318,26.11842,-77.2916,52.91942,23.9128,-76.83221,52.47379,17.71964,-70.19343,54.19109,8.877306,-63.0684,35.72938,22.33754,-58.06691,54.30073,3.812364,-58.11309
0.08828828,50.00054,28.74714,-78.74768,49.31829,28.41075,-77.72903,51.18776,26.16794,-77.35571,50.89113,19.91689,-70.80802,52.86764,11.00378,-63.87142,34.25985,24.03432,-58.29417,53.16402,5.849772,-59.0138
0.08838839,48.06293,31.04067,-79.1036,47.41463,30.67041,-78.08504,49.40847,28.38991,-77.79838,49.25821,22.09028,-71.34849,51.48979,13.11766,-64.60745,32.75614,25.70424,-58.46037,51.97343,7.87928,-59.85271
0.08848849,46.08134,33.30198,-79.38332,45.46785,32.89799,-78.36584,47.58646,30.57982,-78.16628,47.58059,24.23969,-71.82028,50.06337,15.2178,-65.28117,31.2226,27.3477,-58.5703,50.73454,9.89945,-60.63399
0.08858859,44.05827,35.53001,-79.58828,43.48037,35.09249,-78.57286,45.72355,32.73716,-78.46072,45.86054,26.36397,-72.2245,48.59068,17.3027,-65.89338,29.66126,28.96385,-58.62511,49.44948,11.90876,-61.35825
0.08868869,41.99014,37.71804,-79.70818,41.44861,37.2473,-78.69591,43.81539,34.85601,-78.6714,44.09404,28.45757,-72.55161,47.06714,19.36799,-66.43513,28.07016,30.54719,-58.61734,48.11346,13.90353,-62.01699
0.08878879,39.88404,39.86882,-79.75287,39.37947,39.36524,-78.74471,41.86831,36.93959,-78.8079,42.28806,30.52225,-72.81031,45.50024,21.41393,-66.91416,26.45438,32.09998,-58.55435,46.73374,15.88353,-62.61727
0.08888889,37.74087,41.98,-79.72086,37.27378,41.44401,-78.7178,39.88245,38.98617,-78.86862,40.44319,32.55587,-72.99905,43.89047,23.43838,-67.32885,24.81485,33.62028,-58.43513,45.31065,17.84678,-63.15744
0.08898899,35.55817,44.04438,-79.60255,35.12904,43.47661,-78.60565,37.85424,40.98967,-78.84392,38.55642,34.55241,-73.10883,42.23435,25.43628,-67.67063,23.1505,35.10229,-58.25278,43.84037,19.78893,-63.6293
0.08908909,33.34299,46.06644,-79.40943,32.95213,45.46751,-78.41963,35.79033,42.95471,-78.74503,36.63481,36.51514,-73.14996,40.53956,27.40925,-67.94881,21.46615,36.54966,-58.0158,42.33046,21.71097,-64.04144
0.08918919,31.09589,48.04304,-79.13893,30.74352,47.41366,-78.15718,33.6904,44.87889,-78.56928,34.67853,38.4413,-73.11983,38.80617,29.35463,-68.1608,19.76261,37.95981,-57.72242,40.78075,23.61051,-64.39127
0.08928929,28.82029,49.97533,-78.79562,28.50654,49.31626,-77.8228,31.55742,46.76365,-78.32106,32.69089,40.33159,-73.02248,37.03775,31.2724,-68.31014,18.04238,39.33367,-57.37605,39.19467,25.48731,-64.68198
0.08938939,26.5146,51.85596,-78.37055,26.23952,51.16814,-77.40766,29.38846,48.60291,-77.99137,30.66964,42.1798,-72.84944,35.23161,33.1571,-68.38872,16.30496,40.66535,-56.9703,37.56913,27.33665,-64.90578
0.08948949,24.18087,53.68292,-77.86378,23.94439,52.9674,-76.91179,27.18473,50.39535,-77.58009,28.61644,43.98404,-72.60049,33.38948,35.00659,-68.39607,14.55215,41.9532,-56.50534,35.90557,29.15649,-65.06206
0.08958959,21.82415,55.46076,-77.28491,21.62613,54.71854,-76.34467,24.95139,52.14527,-77.09666,26.53652,45.74781,-72.28432,31.51705,36.82312,-68.34016,12.78717,43.20104,-55.98822,34.20967,30.94853,-65.1582
0.08968969,19.44369,57.182,-76.62569,19.28387,56.41427,-75.69814,22.68625,53.84651,-76.53275,24.42833,47.46474,-71.89307,29.61239,38.60094,-68.21333,11.01018,44.4029,-55.41307,32.47905,32.70774,-65.18679
0.08978979,17.04369,58.85047,-75.89416,16.92174,58.05839,-74.98013,20.39367,55.50258,-75.89626,22.29621,49.13779,-71.434,27.68024,40.34198,-68.02222,9.223862,45.56194,-54.7858,30.7184,34.43561,-65.15401
0.08988989,14.62483,60.46121,-75.08604,14.54033,59.64609,-74.18642,18.07327,57.10949,-75.18275,20.14021,50.76266,-70.90287,25.72044,42.04218,-67.76262,7.429175,46.67427,-54.10345,28.92719,36.12848,-65.05566
0.08998999,12.18963,62.01397,-74.2036,12.14209,61.17714,-73.31924,15.72727,58.66715,-74.39442,17.96268,52.33891,-70.30159,23.73542,43.70066,-67.43609,5.627907,47.73982,-53.36773,27.10765,37.78546,-64.89312
0.09009009,9.740258,63.50743,-73.24769,9.729097,62.65031,-72.37941,13.3574,60.17456,-73.53197,15.76546,53.86528,-69.63074,21.72703,45.31592,-67.04295,3.821664,48.75769,-52.57936,25.2614,39.40511,-64.6665
0.09019019,7.278551,64.93832,-72.21687,7.30311,64.06239,-71.3655,10.96486,61.62898,-72.59384,13.5499,55.33879,-68.88869,19.69647,46.88492,-66.58139,2.011979,49.72542,-51.7374,23.3893,40.98464,-64.37394
0.09029029,4.807464,66.30911,-71.11658,4.867061,65.41584,-70.2829,8.552937,63.03249,-71.58542,11.31903,56.76137,-68.08039,17.64698,48.40895,-66.05593,0.200635,50.64521,-50.84584,21.49457,42.52504,-64.01961
0.09039039,2.328576,67.6139,-69.94247,2.422407,66.70489,-69.1273,6.122193,64.37998,-70.50217,9.073633,58.1278,-67.20143,15.57901,49.88306,-65.46208,-1.610783,51.51249,-49.90171,19.57716,44.02185,-63.59901
0.09049049,-0.1552361,68.8574,-68.70216,-0.02795003,67.93414,-67.9062,3.676333,65.67536,-69.3517,6.816921,59.44194,-66.25886,13.49607,51.31034,-64.80641,-3.420712,52.33122,-48.91051,17.64073,45.47764,-63.11837
0.09059059,-2.641927,70.03864,-67.39672,-2.482007,69.10267,-66.62067,1.21734,66.91766,-68.13499,4.55069,60.70279,-65.25347,11.39987,52.68963,-64.0895,-5.227731,53.10083,-47.8731,15.68681,46.89127,-62.57809
0.09069069,-5.129261,71.14902,-66.01976,-4.937668,70.20205,-65.26438,-1.253772,68.09922,-66.84545,2.276086,61.90277,-64.17886,9.290993,54.01379,-63.30478,-7.029719,53.8148,-46.78508,13.71529,48.25632,-61.97161
0.09079079,-7.614703,72.19152,-64.57682,-7.392375,71.23518,-63.84281,-3.733721,69.22232,-65.48859,-0.004186272,63.04426,-63.04007,7.172258,55.2847,-62.45696,-8.825274,54.47573,-45.65045,11.72905,49.5743,-61.30335
0.09089089,-10.09611,73.16879,-63.07269,-9.843954,72.20464,-62.36068,-6.219651,70.28887,-64.06922,-2.287819,64.12936,-61.84155,5.046055,56.50407,-61.55012,-10.61323,55.08595,-44.47272,9.730577,50.84659,-60.57716
0.09099099,-12.57132,74.07999,-61.50867,-12.29027,73.10957,-60.8193,-8.70922,71.29781,-62.58859,-4.572881,65.1572,-60.58432,2.914165,57.67089,-60.58505,-12.39217,55.64505,-43.25288,7.721497,52.07218,-59.79367
0.09109109,-15.03639,74.91282,-59.87642,-14.72755,73.93793,-59.21038,-11.1998,72.23781,-61.03801,-6.856984,66.11685,-59.25986,0.7780242,58.77494,-59.55296,-14.15864,56.14385,-41.98521,5.702236,53.2418,-58.94404
0.09119119,-17.49024,75.67746,-58.18723,-17.15453,74.69963,-57.5451,-13.68836,73.11734,-59.42898,-9.13797,67.017,-57.87902,-1.359688,59.82406,-58.46437,-15.91279,56.5905,-40.67772,3.67615,54.3623,-58.03845
0.09129129,-19.93121,76.37586,-56.44465,-19.56957,75.39654,-55.82697,-16.17259,73.93763,-57.76504,-11.41408,67.85915,-56.44506,-3.497221,60.81953,-57.32231,-17.6537,56.98672,-39.33302,1.645087,55.43469,-57.07978
0.09139139,-22.35494,76.99783,-54.64288,-21.96839,76.01864,-54.05025,-18.64883,74.68898,-56.04015,-13.68227,68.63419,-54.95192,-5.632444,61.75279,-56.12035,-19.3779,57.32508,-37.94719,-0.3896863,56.45115,-56.06146
0.09149149,-24.75904,77.5445,-52.78546,-24.34856,76.567,-52.21844,-21.11386,75.37171,-54.25785,-15.9401,69.34289,-53.40279,-7.763099,62.62446,-54.86136,-21.08405,57.60682,-36.52276,-2.425876,57.41204,-54.98616
0.09159159,-27.14176,78.01818,-50.87642,-26.70829,77.0438,-50.33551,-23.56503,75.98723,-52.4222,-18.18563,69.98705,-51.80141,-9.887292,63.43612,-53.54883,-22.77127,57.83396,-35.06269,-4.461452,58.31865,-53.85719
0.0916917,-29.50068,78.41826,-48.91758,-29.04512,77.44839,-48.40327,-25.99932,76.53431,-50.53499,-20.4166,70.56592,-50.14931,-12.00304,64.18705,-52.18401,-24.43804,58.00636,-33.56832,-6.494519,59.17013,-52.67561
0.09179179,-31.8333,78.74397,-46.91066,-31.35653,77.77997,-46.42344,-28.41364,77.01156,-48.59792,-22.63068,71.0786,-48.44793,-14.10832,64.87635,-50.76803,-26.08276,58.12374,-32.04099,-8.523138,59.96553,-51.44239
0.09189189,-34.13477,78.98903,-44.85426,-33.6377,78.0323,-44.3946,-30.80285,77.41226,-46.60941,-24.82385,71.51927,-46.69542,-16.2,65.49857,-49.29858,-27.702,58.18185,-30.47985,-10.5447,60.69967,-50.15497
0.09199199,-36.40754,79.16512,-42.75758,-35.89092,78.21678,-42.32587,-33.16791,77.74684,-44.57893,-26.99717,71.89812,-44.90096,-18.27828,66.06322,-47.78493,-29.29816,58.1895,-28.89134,-12.55848,61.38107,-48.82258
0.09209209,-38.64283,79.25729,-40.61446,-38.10752,78.31866,-40.21114,-35.5002,78.00014,-42.49994,-29.1438,72.20152,-43.05771,-20.33809,66.55754,-46.21946,-30.86467,58.1361,-27.27143,-14.56062,61.99784,-47.43723
0.0921922,-40.84404,79.27803,-38.43399,-40.29074,78.35015,-38.05941,-37.80173,78.18355,-40.38182,-31.26559,72.44043,-41.17484,-22.3803,66.9918,-44.6115,-32.40459,58.03101,-25.62642,-16.55098,62.55924,-46.00826
0.09229229,-43.00371,79.2169,-36.21319,-42.43316,78.30089,-35.86773,-40.06472,78.28605,-38.22132,-33.35646,72.60519,-39.24873,-24.40025,67.35698,-42.95673,-33.91248,57.86698,-23.9545,-18.52572,63.05675,-44.53102
0.09239239,-45.125,79.08423,-33.95922,-44.53782,78.18101,-33.64318,-42.29132,78.3172,-36.02588,-35.41827,72.70493,-37.28666,-26.39894,67.6616,-41.26265,-35.3911,57.6517,-22.2606,-20.48502,63.49805,-43.01303
0.09249249,-47.20042,78.87043,-31.67001,-46.59726,77.98097,-31.38372,-44.47355,78.26669,-33.79314,-37.44477,72.73067,-35.2859,-28.37153,67.8973,-39.52577,-36.83504,57.37857,-20.54353,-22.42476,63.87519,-41.45044
0.09259259,-49.22953,78.57903,-29.3495,-48.61097,77.7042,-29.09324,-46.6102,78.13734,-31.52714,-39.43511,72.68536,-33.25025,-30.31706,68.06684,-37.74979,-38.2443,57.05037,-18.80606,-24.34369,64.19054,-39.84685
0.0926927,-51.20918,78.20878,-26.9996,-50.57576,77.34938,-26.77362,-48.69743,77.92718,-29.22975,-41.38631,72.56757,-31.18127,-32.23301,68.16891,-35.93591,-39.61676,56.66645,-17.04969,-26.23936,64.44263,-38.20326
0.09279279,-53.14054,77.76485,-24.62432,-52.49273,76.92158,-24.42885,-50.73582,77.64091,-26.90509,-43.29885,72.38182,-29.08297,-34.11952,68.20772,-34.0882,-40.95347,56.23068,-15.27721,-28.11147,64.63521,-36.52375
0.09289289,-55.01564,77.23889,-22.22325,-54.35393,76.41244,-22.05851,-52.71671,77.26922,-24.55251,-45.16589,72.12009,-26.95421,-35.97109,68.1758,-32.2047,-42.24876,55.73738,-13.48863,-29.95514,64.76104,-34.8059
0.09299299,-56.83665,76.63752,-19.80087,-56.16146,75.82848,-19.66702,-54.64177,76.81841,-22.17664,-46.98872,71.78826,-24.79954,-37.78846,68.07859,-30.29013,-43.50441,55.19143,-11.68703,-31.77056,64.82504,-33.05449
0.09309309,-58.6027,75.96237,-17.35967,-57.91441,75.17127,-17.25686,-56.50971,76.28971,-19.78,-48.76627,71.38758,-22.62131,-39.57057,67.91726,-28.34669,-44.71989,54.5941,-9.874215,-33.5565,64.82812,-31.27161
0.0931932,-60.30483,75.20494,-14.90011,-59.60383,74.4323,-14.82847,-58.31076,75.67355,-17.36279,-50.49069,70.90981,-20.41911,-41.31103,67.68408,-26.37305,-45.8888,53.93966,-8.05086,-35.30721,64.76267,-29.45546
0.09329329,-61.94868,74.37545,-12.42676,-61.2353,73.62168,-12.38638,-60.05052,74.98033,-14.92981,-52.16629,70.36423,-18.19794,-43.01297,67.38767,-24.3747,-47.01536,53.23535,-6.219989,-37.02498,64.63671,-27.61173
0.09339339,-63.52669,73.46746,-9.940771,-62.80125,72.73297,-9.931722,-61.72074,74.20277,-12.48202,-53.78633,69.74451,-15.95818,-44.6708,67.02204,-22.35125,-48.09415,52.47683,-4.382684,-38.70469,64.4443,-25.7396
0.09349349,-65.04546,72.49139,-7.445933,-64.30825,71.7765,-7.468247,-63.32824,73.35171,-10.02346,-55.35608,69.06023,-13.70416,-46.28846,66.59608,-20.30761,-49.13001,51.6714,-2.541391,-40.34946,64.19374,-23.84428
0.09359359,-66.49068,71.43382,-4.943141,-65.74202,70.73885,-4.996824,-64.85769,72.41227,-7.554575,-56.86297,68.29832,-11.43535,-47.85564,66.09743,-18.2418,-50.11259,50.80993,-0.6973375,-41.94995,63.87292,-21.92298
0.0936937,-67.87241,70.30839,-2.435971,-67.11257,69.63357,-2.520998,-66.31967,71.39896,-5.079278,-58.3153,67.47149,-9.156197,-49.37871,65.53793,-16.15921,-51.04918,49.90187,1.1473,-43.51149,63.49305,-19.98155
0.09379379,-69.18252,69.10902,0.07349596,-68.41178,68.45461,-0.04281871,-67.7055,70.30492,-2.599419,-59.70572,66.57363,-6.867919,-50.85146,64.91167,-14.06021,-51.93388,48.94316,2.990714,-45.02831,63.0482,-18.01989
0.09389389,-70.42284,67.84011,2.582731,-69.64151,67.2063,2.435207,-69.01718,69.1348,-0.1176258,-61.03552,65.6087,-4.573179,-52.27465,64.22222,-11.94757,-52.76806,47.93682,4.831238,-46.5008,62.54162,-16.04082
0.09399399,-71.58823,66.49918,5.089046,-70.79659,65.88616,4.910431,-70.24932,67.88574,2.363579,-62.29988,64.57394,-2.274067,-53.64398,63.4668,-9.822818,-53.54792,46.8812,6.666724,-47.92486,61.97037,-14.04551
0.0940941,-72.67628,65.08661,7.589664,-71.87468,64.49457,7.380111,-71.39955,66.55807,4.841483,-63.49638,63.46943,0.02695567,-54.95712,62.64522,-7.688103,-54.27169,45.77657,8.495111,-49.29812,61.33405,-12.03593
0.0941942,-73.69448,63.61159,10.08289,-72.88324,63.04067,9.842567,-72.47598,65.16183,7.31416,-64.63134,62.30381,2.327537,-56.21896,61.76548,-5.546517,-54.94473,44.62924,10.31549,-50.62479,60.64031,-10.01552
0.09429429,-74.63693,62.07098,12.56595,-73.8164,61.52134,12.29506,-73.47257,63.69353,9.779037,-65.69928,61.0737,4.625582,-57.42463,60.82413,-3.399502,-55.56266,43.4371,12.12556,-51.90024,59.88558,-7.985339
0.09439439,-75.50891,60.47129,15.03761,-74.67944,59.94305,14.73638,-74.39508,62.16032,12.23476,-66.70464,59.7852,6.919436,-58.57758,59.82682,-1.249234,-56.12924,42.20462,13.92461,-53.12742,59.07523,-5.947812
0.09449449,-76.29686,58.80375,17.4931,-75.45889,58.29706,17.16183,-75.22963,60.55267,14.67696,-67.6351,58.42932,9.205786,-59.667,58.76453,0.9024704,-56.63449,40.92581,15.70868,-54.29623,58.20014,-3.903904
0.0945946,-77.00745,57.07611,19.93134,-76.16145,56.59113,19.57032,-75.9836,58.87924,17.10436,-68.49638,57.01344,11.48293,-60.69732,57.64405,3.053272,-57.08323,39.60591,17.47732,-55.41055,57.26683,-1.856276
0.0946947,-77.63799,55.28867,22.34932,-76.78445,54.82555,21.9589,-76.65456,57.14051,19.51406,-69.28576,55.53749,13.74827,-61.66584,56.46494,5.200899,-57.47335,38.24509,19.22825,-56.46768,56.27466,0.1930177
0.09479479,-78.19066,53.44518,24.74548,-77.33011,53.0041,24.32601,-77.2452,55.34076,21.90444,-70.00501,54.00493,16.00008,-62.57366,55.23021,7.343452,-57.80635,36.84591,20.96044,-57.4685,55.22648,2.242023
0.09489489,-78.66151,51.54518,27.11633,-77.79456,51.12634,26.66822,-77.75189,53.4797,24.27219,-70.65032,52.41492,18.2354,-63.41707,53.93861,9.478457,-58.07921,35.40803,22.67119,-58.40939,54.12082,4.288571
0.09499499,-79.05591,49.59446,29.46144,-78.18316,49.19805,28.98511,-78.1806,51.56388,26.61672,-71.22634,50.77301,20.45332,-64.19971,52.59524,11.60446,-58.29579,33.93536,24.36043,-59.29358,52.96264,6.33094
0.0950951,-79.36575,47.59,31.77575,-78.48794,47.21627,31.27167,-78.52354,49.59028,28.93325,-71.72551,49.07574,22.64977,-64.91449,51.19615,13.71834,-58.44999,32.42582,26.02417,-60.11433,51.74774,8.366593
0.0951952,-79.59756,45.53822,34.05934,-78.71539,45.18739,33.528,-78.78783,47.56611,31.22171,-72.15353,47.32932,24.82422,-65.56601,49.74711,15.8189,-58.54652,30.88378,27.66274,-60.87579,50.48179,10.394
0.0952953,-79.74918,43.43989,36.30929,-78.86346,43.11225,35.75121,-78.97176,45.4925,33.47926,-72.50827,45.5342,26.97407,-66.15195,48.2481,17.90385,-58.58369,29.30976,29.27393,-61.57566,49.1646,12.41106
0.09539539,-79.81834,41.29613,38.52221,-78.92992,40.99197,37.93795,-79.0736,43.37097,35.70263,-72.78744,43.6911,29.09633,-66.66976,46.69926,19.9705,-58.5597,27.7045,30.85521,-62.21141,47.79609,14.41532
0.09549549,-79.81203,39.11279,40.69925,-78.92177,38.83241,40.08936,-79.10075,41.20799,37.89276,-72.99726,41.80582,31.19144,-67.12467,45.10612,22.01855,-58.47968,26.07201,32.40766,-62.78788,46.38179,16.40609
0.0955956,-79.71923,36.8866,42.83263,-78.82814,36.63037,42.19777,-79.04284,39.00055,40.04229,-73.12742,39.8744,33.25301,-67.50678,43.46384,24.04294,-58.33532,24.41006,33.92526,-63.29559,44.91646,18.37913
0.0956957,-79.55241,34.62591,44.92651,-78.66144,34.39415,44.26728,-78.91261,36.75763,42.15497,-73.18923,37.90537,35.28386,-67.82601,41.78091,26.04511,-58.13585,22.72437,35.41148,-63.74382,43.40872,20.3351
0.0957958,-79.30067,32.32805,46.97262,-78.41092,32.12119,46.28973,-78.69985,34.47692,44.22294,-73.17243,35.89533,37.2771,-68.07242,40.05291,28.0195,-57.87308,21.01309,36.85999,-64.12306,41.85377,22.26929
0.09589589,-78.97264,29.9991,48.97354,-78.08518,29.81751,48.26767,-78.41341,32.16489,46.24852,-73.08485,33.85043,39.23442,-68.2528,38.28595,29.96686,-57.5534,19.28049,38.27291,-64.43964,40.25775,24.1819
0.09599599,-78.56886,27.64138,50.92747,-77.68479,27.48547,50.19932,-78.05417,29.82427,48.2299,-72.92682,31.77275,41.15406,-68.36706,36.48166,31.8854,-57.17719,17.52822,39.64897,-64.6934,38.6222,26.0712
0.0960961,-78.08992,25.25726,52.83266,-77.21037,25.12743,52.08294,-77.62305,27.45771,50.16533,-72.69872,29.66443,43.03429,-68.41515,34.64175,33.7734,-56.74487,15.75793,40.98693,-64.88418,36.94871,27.93547
0.0961962,-77.53042,22.84733,54.68309,-76.65665,22.74405,53.91261,-77.11526,25.06623,52.04903,-72.39536,27.52547,44.86989,-68.39167,32.76533,35.62634,-56.2524,13.97014,42.28226,-65.00677,35.23608,29.7707
0.0962963,-76.89457,20.41535,56.47923,-76.02782,20.33904,55.68878,-76.53511,22.65379,53.88132,-72.02046,25.35955,46.66092,-68.29976,30.85591,37.44384,-55.70295,12.16752,43.53543,-65.06406,33.4878,31.57625
0.09639639,-76.18723,17.9649,58.22233,-75.32869,17.91599,57.4127,-75.88746,20.22416,55.66331,-71.57843,23.17031,48.40812,-68.14321,28.91707,39.22614,-55.10017,10.35263,44.74754,-65.05959,31.7075,33.35208
0.0964965,-75.4006,15.49656,59.90404,-74.55163,15.47552,59.07611,-75.16521,17.77829,57.38692,-71.06178,20.95751,50.10427,-67.91437,26.94738,40.96699,-54.4383,8.525991,45.91231,-64.98593,29.8933,35.09262
0.0965966,-74.54317,13.01467,61.5285,-73.70502,13.02192,60.68309,-74.3765,15.32051,59.05599,-70.47834,18.72583,51.75251,-67.62039,24.95181,42.66858,-53.72373,6.690673,47.03306,-64.84987,28.05037,36.7995
0.0966967,-73.61052,10.52085,63.08967,-72.78452,10.55684,62.22769,-73.51731,12.85268,60.66463,-69.82375,16.47626,53.34749,-67.25665,22.93049,44.32616,-52.95325,4.847948,48.1053,-64.64687,26.1785,38.46837
0.0967968,-72.61189,8.018814,64.59307,-71.79926,8.083901,63.71535,-72.59635,10.3783,62.21805,-69.10658,14.21297,54.89361,-66.83121,20.88816,45.94306,-52.13382,3.000433,49.13338,-64.38457,24.28267,40.10191
0.09689689,-71.54343,5.510296,66.03313,-70.74545,5.604872,65.14058,-71.61003,7.899249,63.71078,-68.32303,11.9371,56.38592,-66.34,18.82516,47.51485,-51.26271,1.149593,50.11312,-64.05898,22.36293,41.69606
0.096997,-70.40237,2.997663,67.4047,-69.62037,3.122095,66.49828,-70.5557,5.417912,65.13779,-67.47018,9.650427,57.81976,-65.77982,16.74253,49.03728,-50.33805,-0.7026105,51.04066,-63.66689,20.42,43.24688
0.0970971,-69.19218,0.4839202,68.70827,-68.42746,0.6385454,67.78892,-69.43659,2.937185,66.4994,-66.55125,7.355987,59.19526,-65.1534,14.64327,50.51012,-49.36255,-2.554039,51.91658,-63.21083,18.4569,44.75394
0.0971972,-67.9212,-2.028665,69.94987,-67.17489,-1.843579,69.01847,-68.26036,0.459011,67.80135,-65.57398,5.056598,60.51738,-64.46829,12.53096,51.93734,-48.34246,-4.403131,52.74559,-62.69802,16.47747,46.22056
0.0972973,-66.58051,-4.537223,71.11774,-65.8539,-4.3214,70.1753,-67.01844,-2.013698,69.03214,-64.52967,2.75394,61.77573,-63.71539,10.40569,53.3097,-47.27142,-6.247489,53.51891,-62.11951,14.48116,47.63836
0.09739739,-65.17604,-7.039439,72.21548,-64.47031,-6.792678,71.26299,-65.71614,-4.479016,70.19515,-63.42375,0.4505758,62.97317,-62.89994,8.270544,54.62939,-46.15403,-8.085312,54.23934,-61.48026,12.47118,49.00908
0.0974975,-63.70916,-9.532872,73.24203,-63.02542,-9.255022,72.28045,-64.35445,-6.934772,71.28923,-62.25732,-1.851218,64.10854,-62.0228,6.127658,55.89514,-44.99149,-9.914687,54.90618,-60.78097,10.44958,50.33139
0.0975976,-62.18126,-12.01511,74.19637,-61.5206,-11.70608,73.22668,-62.93439,-9.378871,72.31326,-61.03151,-4.149193,65.1807,-61.08487,3.979188,57.10568,-43.78505,-11.73373,55.51878,-60.02238,8.4184,51.60398
0.0976977,-60.59594,-14.48442,75.08036,-59.95935,-14.14416,74.10351,-61.45902,-11.80992,73.26894,-59.7496,-6.441482,66.19108,-60.08932,1.827291,58.26203,-42.53753,-13.54111,56.07864,-59.20746,6.379867,52.82759
0.0977978,-58.95253,-16.93806,75.89059,-58.34099,-16.56658,74.90756,-59.92728,-14.22554,74.15283,-58.41069,-8.725774,67.13646,-59.03502,-0.3260931,59.36111,-41.24875,-15.33453,56.58328,-58.33494,4.335668,53.99927
0.09789789,-57.24941,-19.37256,76.62196,-56.66388,-18.96995,75.63382,-58.33713,-16.62273,74.95986,-57.01295,-10.99916,68.01211,-57.91982,-2.47864,60.39845,-39.91777,-17.11131,57.02907,-57.40257,2.287775,55.1148
0.097998,-55.49176,-21.78669,77.27845,-54.93308,-21.35309,76.28618,-56.69309,-19.00067,75.69376,-55.56122,-13.26007,68.8213,-56.74853,-4.628168,61.3767,-38.54854,-18.87054,57.41908,-56.41492,0.2385389,56.17638
0.0980981,-53.68203,-24.17874,77.86078,-53.15097,-23.71437,76.86534,-54.99707,-21.35804,76.3551,-54.05766,-15.50678,69.56445,-55.52324,-6.772759,62.296,-37.14304,-20.6109,57.75394,-55.37387,-1.810152,57.18402
0.0981982,-51.81769,-26.54456,78.36226,-51.31499,-26.04972,77.36472,-53.24596,-23.6913,76.93726,-52.49947,-17.73593,70.23539,-54.24084,-8.909745,63.15059,-35.69981,-22.32902,58.02883,-54.27615,-3.856098,58.13225
0.0982983,-49.90756,-28.88572,78.79328,-49.43382,-28.36073,77.79454,-51.4481,-26.00216,77.45026,-50.89517,-19.94803,70.8432,-52.91012,-11.03825,63.94837,-34.2252,-24.02633,58.25153,-53.13032,-5.897866,59.02818
0.09839839,-47.9451,-31.19559,79.14069,-47.50092,-30.6409,78.14182,-49.59616,-28.2849,77.88106,-49.23785,-22.13799,71.37584,-51.52366,-13.15464,64.6783,-32.71511,-25.69727,58.41238,-51.92877,-7.932707,59.86148
0.0984985,-45.93509,-33.47349,79.40858,-45.52097,-32.88963,78.4106,-47.69439,-30.53919,78.23358,-47.53201,-24.30476,71.83677,-50.08601,-15.25721,65.34322,-31.17307,-27.34149,58.51456,-50.67584,-9.958749,60.63459
0.0985986,-43.88245,-35.71978,79.60223,-43.49879,-35.10728,78.60607,-45.74733,-32.76556,78.51289,-45.78236,-26.44818,72.23055,-48.60199,-17.34506,65.94704,-29.60267,-28.95938,58.56205,-49.37615,-11.97484,61.35099
0.0986987,-41.7843,-37.92886,79.71317,-41.43146,-37.2884,78.71986,-43.75126,-34.95926,78.71051,-43.98557,-28.5637,72.54926,-47.06792,-19.41444,66.48236,-28.00229,-30.54642,58.54871,-48.02577,-13.97788,62.00365
0.0987988,-39.64738,-40.10297,79.75034,-39.3256,-39.43521,78.76082,-41.71275,-37.12244,78.83518,-42.14823,-30.65264,72.80087,-45.49065,-21.46554,66.95618,-26.37669,-32.10454,58.48123,-46.63142,-15.96753,62.59895
0.0988989,-37.46932,-42.23623,79.70555,-37.17881,-41.542,78.7208,-39.62851,-39.25013,78.87865,-40.26748,-32.71016,72.97764,-43.86696,-23.49427,67.36123,-24.72467,-33.629,58.35366,-45.18954,-17.94037,63.12991
0.098999,-35.25286,-44.32736,79.58023,-34.99373,-43.60752,78.60125,-37.50086,-41.34135,78.84222,-38.34576,-34.73491,73.08067,-42.19926,-25.499,67.69826,-23.04831,-35.11888,58.16719,-43.70236,-19.89475,63.59711
0.0990991,-33.00043,-46.37469,79.37513,-32.77273,-45.63015,78.40289,-35.3318,-43.39474,78.72653,-36.3852,-36.72522,73.11043,-40.48963,-27.47782,67.96745,-21.34944,-36.57301,57.92245,-42.17171,-21.82883,64.00054
0.0991992,-30.7159,-48.3789,79.0948,-30.51961,-47.6106,78.13021,-33.1251,-45.41091,78.536,-34.38952,-38.68137,73.07088,-38.74188,-29.43038,68.17226,-19.63083,-37.99204,57.62288,-40.6013,-23.74203,64.34332
0.0992993,-28.3998,-50.3364,78.7362,-28.23483,-49.54536,77.78019,-30.88068,-47.38681,78.26748,-32.3588,-40.60021,72.95901,-36.95589,-31.35379,68.30968,-17.89315,-39.37317,57.26632,-38.99071,-25.63175,64.62246
0.0993994,-26.05637,-52.2494,78.30578,-25.92259,-51.4366,77.35919,-28.60296,-49.32433,77.92728,-30.29727,-42.4833,72.78056,-35.1361,-33.2488,68.3849,-16.13931,-40.71827,56.85757,-37.34433,-27.49839,64.84272
0.0994995,-23.68252,-54.10678,77.78931,-23.57969,-53.27347,76.85316,-26.28731,-51.21382,77.50113,-28.20077,-44.32135,72.52213,-33.27758,-35.1075,68.38508,-14.36783,-42.01858,56.38641,-35.65662,-29.33517,64.99179
0.0995996,-21.28473,-55.91485,77.19958,-21.2126,-55.06213,76.27473,-23.94108,-53.06062,77.00169,-26.07615,-46.11922,72.19537,-31.3876,-36.93336,68.32095,-12.58284,-43.27936,55.86221,-33.93499,-31.14472,65.0797
0.0996997,-18.8637,-57.66875,76.53245,-18.82196,-56.79784,75.6198,-21.56436,-54.86037,76.42473,-23.92352,-47.8727,71.79621,-29.46593,-38.7225,68.18844,-10.78515,-44.49691,55.28206,-32.17884,-32.92359,65.10243
0.0997998,-16.42167,-59.36652,75.78819,-16.40998,-58.47866,74.88863,-19.15928,-56.61115,75.77042,-21.7448,-49.57988,71.32468,-27.51433,-40.47296,67.9873,-8.976357,-45.6699,54.64626,-30.38972,-34.66987,65.05959
0.0998999,-13.96143,-61.00768,74.9691,-13.97938,-60.10411,74.0835,-16.7287,-58.31229,75.04099,-19.54256,-51.24013,70.78268,-25.53529,-42.18383,67.71912,-7.15839,-46.79816,53.95655,-28.56995,-36.38259,64.95255
0.1,-11.48576,-62.59279,74.07855,-11.53295,-61.67476,73.20772,-14.27568,-59.96404,74.23972,-17.3195,-52.85369,70.17319,-23.53149,-43.85501,67.38651,-5.333121,-47.88234,53.21547,-26.72217,-38.06148,64.78365
